year month anom
1979   01    294594.5938
1979   02    500156.2500
1979   03    387056.5938
1979   04    311909.5938
1979   05    460460.0625
1979   06    884080.8125
1979   07   1072735.5000
1979   08    648456.8750
1979   09    545706.6875
1979   10    349240.3750
1979   11    142036.5313
1979   12    309414.2188
1980   01    131086.7813
1980   02    222377.1406
1980   03    153487.5000
1980   04    175451.6094
1980   05    204198.1719
1980   06    657180.1250
1980   07    934359.2500
1980   08    578206.6250
1980   09    960979.7500
1980   10    991772.5000
1980   11    424776.0938
1980   12    578602.0625
1981   01    343663.3750
1981   02    129994.0469
1981   03    276933.2813
1981   04    243808.4531
1981   05    510252.8438
1981   06    309918.7813
1981   07    434186.0625
1981   08    214923.9688
1981   09    367170.9063
1981   10    489376.9688
1981   11    107236.1250
1981   12    347608.5938
1982   01    491069.2188
1982   02    416965.4063
1982   03    326043.8438
1982   04    385568.6250
1982   05    491676.2500
1982   06    737676.3125
1982   07    789891.3750
1982   08    733963.0000
1982   09    700796.4375
1982   10    899149.7500
1982   11    692770.1875
1982   12    378013.4375
1983   01    204473.0625
1983   02    231361.7031
1983   03    212090.6250
1983   04    157613.7969
1983   05    206503.3594
1983   06    656285.3750
1983   07    898880.7500
1983   08    664692.0625
1983   09    725892.0625
1983   10    897043.1875
1983   11    683911.1875
1983   12    358080.8125
1984   01     54258.1797
1984   02    -86115.4766
1984   03     25824.8320
1984   04    166523.1406
1984   05    202416.3438
1984   06    449700.1875
1984   07    276292.7500
1984   08    374871.7500
1984   09    276093.7500
1984   10    185310.6250
1984   11     11460.1074
1984   12    -60553.2227
1985   01   -267033.2500
1985   02   -136238.4688
1985   03    -68065.4297
1985   04    442782.7188
1985   05    525170.0000
1985   06    265139.8750
1985   07   -138918.3438
1985   08    224720.2813
1985   09    282250.0000
1985   10    262534.0625
1985   11     64655.3398
1985   12    -77470.3281
1986   01    160574.0156
1986   02      7293.6807
1986   03    -14941.9893
1986   04    102226.9531
1986   05    235580.5469
1986   06    430348.7813
1986   07    554466.2500
1986   08    736019.1875
1986   09    883700.9375
1986   10   1031349.1250
1986   11    500489.0625
1986   12    202358.5469
1987   01    150237.9063
1987   02    472798.8750
1987   03    349031.3750
1987   04    497956.2188
1987   05    437730.5313
1987   06    751916.0000
1987   07    668927.9375
1987   08    455901.4375
1987   09    829797.6250
1987   10    737591.8750
1987   11    479937.1875
1987   12    410419.5938
1988   01    312202.3438
1988   02    154269.5938
1988   03    237089.6250
1988   04    291789.2813
1988   05    -37190.6055
1988   06    116469.4922
1988   07    171146.8750
1988   08    389250.3125
1988   09    685106.4375
1988   10    779133.6250
1988   11    635948.0625
1988   12    843009.5625
1989   01    691383.5000
1989   02    141229.6250
1989   03    -97052.1563
1989   04   -299033.3125
1989   05    -55472.8867
1989   06    297538.8438
1989   07    438598.9688
1989   08    714126.6250
1989   09    542729.1875
1989   10    574821.6250
1989   11    382244.8438
1989   12    424766.3750
1990   01    285556.2813
1990   02     27217.5820
1990   03     37492.6172
1990   04   -300377.5938
1990   05   -466128.8750
1990   06   -519783.7188
1990   07   -316249.3750
1990   08     25719.1094
1990   09     -6107.5469
1990   10    127133.7344
1990   11    488913.2188
1990   12    331355.7188
1991   01     86230.7344
1991   02     25048.7813
1991   03     90286.8594
1991   04     24996.7129
1991   05     59983.6563
1991   06    128355.7891
1991   07     12890.4648
1991   08    485318.0313
1991   09    190676.6406
1991   10    267556.0938
1991   11    205791.5156
1991   12    242167.9219
1992   01    111886.9844
1992   02    147611.4844
1992   03    -48183.1055
1992   04      9341.7920
1992   05    -43566.8242
1992   06    322093.9688
1992   07    363935.5938
1992   08    641917.6250
1992   09    990626.0000
1992   10   1148052.2500
1992   11    574264.4375
1992   12    463017.7188
1993   01    184383.0781
1993   02     85757.4531
1993   03    145129.6250
1993   04     47700.8672
1993   05    -65760.6953
1993   06   -216446.7500
1993   07   -377746.4375
1993   08   -108981.0625
1993   09     43276.5039
1993   10    464178.7813
1993   11    419742.4688
1993   12    264586.5313
1994   01    164354.4063
1994   02    121495.9375
1994   03    115626.0156
1994   04     20835.9082
1994   05     34270.6094
1994   06    157825.3438
1994   07    335580.4688
1994   08    351424.9375
1994   09    653847.0625
1994   10    591171.2500
1994   11    560653.3750
1994   12    375365.0938
1995   01    150969.2188
1995   02    -45631.6523
1995   03   -136226.2656
1995   04   -523163.6875
1995   05   -369648.9063
1995   06   -463680.7188
1995   07   -295397.0625
1995   08     12349.1396
1995   09     40204.1523
1995   10   -497255.4063
1995   11    -48218.7656
1995   12     31102.4609
1996   01   -110582.5859
1996   02     -6179.4082
1996   03   -252052.6406
1996   04   -235557.5625
1996   05    -34501.4063
1996   06    333126.9375
1996   07    525555.1250
1996   08    818557.0000
1996   09   1097901.6250
1996   10    943352.6875
1996   11   -277281.0000
1996   12    -17722.2129
1997   01    220577.7969
1997   02    455923.0313
1997   03    211646.8750
1997   04    227807.2656
1997   05    127627.0781
1997   06     90795.9453
1997   07     55340.9297
1997   08    495756.7813
1997   09    569543.7500
1997   10    154784.6094
1997   11    247977.2031
1997   12    428745.3125
1998   01    545998.8750
1998   02    727819.5625
1998   03    519816.1250
1998   04    385127.9063
1998   05    365109.5313
1998   06    111459.9922
1998   07    189819.7031
1998   08    232903.0625
1998   09    167362.0469
1998   10    352600.7500
1998   11     15285.6455
1998   12    123369.4531
1999   01    367436.8125
1999   02    443605.4375
1999   03    331511.6875
1999   04    424030.4375
1999   05    587928.0000
1999   06    239775.0781
1999   07    374478.8438
1999   08    -34737.1484
1999   09   -144034.0469
1999   10    449251.8438
1999   11    418450.2500
1999   12   -313534.3438
2000   01    169436.0313
2000   02     49595.4805
2000   03     29568.4883
2000   04     82094.4453
2000   05    200780.6875
2000   06    179416.6250
2000   07    175685.8281
2000   08    148287.9063
2000   09     96913.1484
2000   10    375904.7813
2000   11     93142.4531
2000   12     75351.2813
2001   01     78038.3359
2001   02     12190.1953
2001   03    311617.0000
2001   04    363750.7500
2001   05    243746.0000
2001   06    177324.2188
2001   07    193198.6094
2001   08    338085.1563
2001   09    371216.0000
2001   10    325979.5625
2001   11    290941.8125
2001   12     11711.7520
2002   01   -144415.9219
2002   02     18876.3398
2002   03    -40139.6250
2002   04   -308269.6250
2002   05   -123028.1797
2002   06     84814.3984
2002   07    513326.0938
2002   08   -105877.8750
2002   09   -345370.1563
2002   10   -196050.2500
2002   11   -300657.3438
2002   12   -383513.2813
2003   01   -191571.8906
2003   02   -137458.3906
2003   03   -123791.1797
2003   04   -275082.1875
2003   05   -310229.2188
2003   06    105711.4922
2003   07    264085.7188
2003   08     83563.1563
2003   09   -332079.0000
2003   10   -522680.0313
2003   11   -499998.4063
2003   12   -188985.8906
2004   01   -199632.2031
2004   02   -151042.8438
2004   03   -193781.2344
2004   04   -396764.7188
2004   05   -311520.5625
2004   06    109886.4844
2004   07    525848.6250
2004   08    151451.3281
2004   09   -215765.5938
2004   10   -225315.3750
2004   11   -171794.1094
2004   12   -204736.3438
2005   01   -489655.4688
2005   02   -586999.5625
2005   03   -311354.4063
2005   04   -293808.5625
2005   05   -193606.9688
2005   06    -31822.9355
2005   07    193335.4531
2005   08   -284104.7188
2005   09   -495113.8438
2005   10   -790235.1250
2005   11   -246067.1875
2005   12   -367129.5938
2006   01   -636043.0625
2006   02   -495069.7813
2006   03   -485987.6563
2006   04   -442446.9063
2006   05   -549002.3750
2006   06   -171506.7500
2006   07    104826.1172
2006   08    -44733.9922
2006   09   -107095.4375
2006   10   -233877.2500
2006   11   -344772.8438
2006   12   -429674.6563
2007   01   -194377.8281
2007   02   -281262.2813
2007   03   -335854.6563
2007   04   -335051.8750
2007   05    -79781.7344
2007   06   -245661.1406
2007   07   -747459.6250
2007   08  -1213347.6250
2007   09  -1353777.5000
2007   10  -1761742.7500
2007   11   -530294.6875
2007   12   -302992.6250
2008   01    -84565.3672
2008   02    -88455.7109
2008   03     65944.5078
2008   04     91777.0469
2008   05    280984.4375
2008   06    215114.8125
2008   07    424177.5313
2008   08   -460577.2813
2008   09  -1057370.3750
2008   10   -570706.0000
2008   11    149731.7656
2008   12     46274.7266
2009   01     -8444.1904
2009   02   -374290.5625
2009   03   -311555.4375
2009   04   -136427.2969
2009   05   -174078.5625
2009   06   -588633.8125
2009   07  -1057519.0000
2009   08   -978104.2500
2009   09   -853890.8125
2009   10  -1407785.6250
2009   11   -989191.7500
2009   12   -644733.0625
2010   01   -620266.8125
2010   02   -355757.9375
2010   03    -77762.2656
2010   04   -128612.7344
2010   05   -704328.9375
2010   06  -1342518.1250
2010   07  -1596047.3750
2010   08  -1152130.6250
2010   09  -1388232.5000
2010   10  -1296487.5000
2010   11   -988118.1875
2010   12   -832891.7500
2011   01   -693284.3750
2011   02   -385619.1250
2011   03   -590980.0000
2011   04   -395922.7500
2011   05   -762660.6875
2011   06  -1098912.2500
2011   07  -1809525.3750
2011   08  -1895447.8750
2011   09  -1534309.7500
2011   10  -1866690.0000
2011   11  -1046776.2500
2011   12   -889615.1875
2012   01   -656037.3750
2012   02   -894050.0625
2012   03   -565051.8125
2012   04   -300332.7500
2012   05   -514168.5938
2012   06  -1832928.7500
2012   07  -2655585.5000
2012   08  -2356189.2500
2012   09  -2408833.0000
2012   10  -2364205.5000
2012   11  -1439625.0000
2012   12  -1012900.9375
2013   01   -902486.0000
2013   02   -367408.5938
2013   03   -173406.3750
2013   04    -82230.9219
2013   05   -379727.3750
2013   06  -1300048.3750
2013   07  -1497120.6250
2013   08   -886228.0625
2013   09   -779801.5000
2013   10   -664220.6875
2013   11   -707550.8125
2013   12   -518848.8750
