year month anom
1979   01    0.1924
1979   02    0.7144
1979   03   -0.2370
1979   04   -0.0616
1979   05    0.1123
1979   06   -0.1414
1979   07    0.1225
1979   08    0.2735
1979   09    0.1432
1979   10    0.3898
1979   11    0.2669
1979   12    0.2620
1980   01    0.0421
1980   02    0.8647
1980   03    0.2512
1980   04    0.4094
1980   05    0.3024
1980   06    0.2456
1980   07    0.1786
1980   08    0.0357
1980   09    0.1331
1980   10    0.0329
1980   11    0.0815
1980   12    0.3347
1981   01    0.3549
1981   02   -0.2129
1981   03    0.5193
1981   04    0.1869
1981   05    0.3089
1981   06    0.0925
1981   07   -0.5200
1981   08   -0.1525
1981   09   -0.3444
1981   10    0.3448
1981   11    0.6939
1981   12    0.3277
1982   01   -0.0913
1982   02   -0.3359
1982   03   -0.0889
1982   04   -0.3538
1982   05   -0.2466
1982   06    0.0348
1982   07   -0.1478
1982   08   -0.5266
1982   09   -0.2875
1982   10   -0.1264
1982   11    0.1173
1982   12   -0.0380
1983   01    1.1428
1983   02    1.1347
1983   03    0.9797
1983   04    0.4342
1983   05    0.6573
1983   06    0.4101
1983   07    0.4714
1983   08   -0.1378
1983   09   -0.0423
1983   10   -0.4353
1983   11   -0.0580
1983   12   -0.4921
1984   01   -0.7714
1984   02   -0.7009
1984   03   -0.0083
1984   04   -0.3034
1984   05   -0.1733
1984   06   -0.4285
1984   07   -0.4933
1984   08   -0.5250
1984   09   -0.5980
1984   10   -0.3231
1984   11   -0.4621
1984   12   -0.4813
1985   01   -0.3793
1985   02   -0.3756
1985   03    0.0827
1985   04    0.2341
1985   05   -0.4542
1985   06   -0.8075
1985   07   -0.6584
1985   08   -0.6527
1985   09   -0.3582
1985   10   -0.1015
1985   11   -0.4611
1985   12   -0.2571
1986   01   -0.1557
1986   02   -0.3588
1986   03   -0.4897
1986   04    0.0982
1986   05    0.0852
1986   06   -0.5534
1986   07   -0.7937
1986   08   -0.3304
1986   09   -0.5992
1986   10   -0.5152
1986   11   -0.2994
1986   12   -0.2245
1987   01    0.0325
1987   02    0.0636
1987   03    0.4449
1987   04    0.3797
1987   05    0.1806
1987   06    0.2648
1987   07    0.6449
1987   08    0.1625
1987   09    0.3930
1987   10    0.5114
1987   11    0.3370
1987   12    0.4334
1988   01    0.1231
1988   02    0.2097
1988   03    0.4984
1988   04    0.1623
1988   05    0.0355
1988   06   -0.2925
1988   07   -0.4664
1988   08    0.0635
1988   09    0.0522
1988   10   -0.1308
1988   11   -0.4738
1988   12   -0.5887
1989   01   -0.8494
1989   02   -1.0895
1989   03   -0.9862
1989   04   -0.5279
1989   05   -0.7151
1989   06   -0.4497
1989   07   -0.7345
1989   08   -0.4182
1989   09   -0.1861
1989   10   -0.7755
1989   11   -0.1557
1989   12    0.3874
1990   01   -0.2520
1990   02   -0.2790
1990   03   -0.3495
1990   04   -0.0302
1990   05   -0.1899
1990   06   -0.1924
1990   07   -0.5070
1990   08   -0.4415
1990   09   -0.3071
1990   10    0.0183
1990   11   -0.0303
1990   12   -0.3282
1991   01   -0.0099
1991   02    0.0809
1991   03   -0.0554
1991   04   -0.2320
1991   05    0.1415
1991   06    0.1819
1991   07   -0.2381
1991   08   -0.4284
1991   09   -0.2017
1991   10   -0.3576
1991   11   -0.0044
1991   12    0.0586
1992   01    0.1573
1992   02    0.1525
1992   03    0.1444
1992   04    0.0127
1992   05    0.2981
1992   06    0.1790
1992   07   -0.5985
1992   08   -0.5321
1992   09   -0.7414
1992   10   -0.4085
1992   11   -0.3759
1992   12   -0.2713
1993   01   -0.5267
1993   02   -0.5254
1993   03   -0.8597
1993   04   -0.3465
1993   05    0.0137
1993   06   -0.0497
1993   07   -0.1492
1993   08   -0.5436
1993   09   -0.1450
1993   10   -0.2118
1993   11   -0.2653
1993   12    0.1615
1994   01   -0.1520
1994   02   -0.3622
1994   03   -0.1676
1994   04   -0.2580
1994   05   -0.1941
1994   06   -0.4357
1994   07   -0.3976
1994   08   -0.2615
1994   09   -0.0877
1994   10   -0.1087
1994   11    0.0778
1994   12   -0.0598
1995   01    0.4933
1995   02    0.7683
1995   03   -0.0073
1995   04    0.1723
1995   05   -0.0601
1995   06    0.0810
1995   07    0.0944
1995   08    0.6123
1995   09    0.2077
1995   10    0.3585
1995   11   -0.0493
1995   12   -0.1616
1996   01   -0.4299
1996   02   -0.5648
1996   03   -0.3167
1996   04   -0.1456
1996   05   -0.1685
1996   06   -0.3946
1996   07   -0.0666
1996   08   -0.3243
1996   09   -0.0109
1996   10   -0.2000
1996   11   -0.1531
1996   12   -0.1109
1997   01   -0.3441
1997   02   -0.7711
1997   03   -0.3140
1997   04   -0.2934
1997   05   -0.2703
1997   06    0.3877
1997   07    0.4361
1997   08   -0.0341
1997   09    0.7645
1997   10    1.0969
1997   11    0.7242
1997   12    0.9782
1998   01    1.2512
1998   02    1.6404
1998   03    1.2963
1998   04    0.9947
1998   05    0.5695
1998   06    0.1753
1998   07    0.3770
1998   08    0.5971
1998   09    0.5901
1998   10    0.2722
1998   11    0.0072
1998   12    0.0175
1999   01   -0.6195
1999   02   -0.5294
1999   03   -0.1418
1999   04   -0.5414
1999   05   -0.5384
1999   06   -0.1340
1999   07   -0.1968
1999   08   -0.3590
1999   09   -0.1772
1999   10   -0.2398
1999   11   -0.1009
1999   12   -0.2955
2000   01   -0.5112
2000   02   -0.4807
2000   03   -0.4375
2000   04   -0.5509
2000   05   -0.1354
2000   06    0.1104
2000   07   -0.3264
2000   08   -0.1112
2000   09   -0.2487
2000   10   -0.2496
2000   11   -0.1376
2000   12   -0.0869
2001   01   -0.5823
2001   02   -0.1141
2001   03   -0.0212
2001   04   -0.1067
2001   05    0.0970
2001   06   -0.7622
2001   07   -0.0880
2001   08    0.2227
2001   09   -0.4095
2001   10    0.1405
2001   11    0.3074
2001   12    0.0232
2002   01    0.1361
2002   02    0.1183
2002   03   -0.2400
2002   04   -0.1873
2002   05    0.1982
2002   06   -0.1742
2002   07    0.3875
2002   08    0.0360
2002   09    0.1965
2002   10    0.2382
2002   11   -0.0152
2002   12    0.4284
2003   01    1.1358
2003   02    0.8533
2003   03    0.3477
2003   04    0.1780
2003   05    0.0985
2003   06    0.0958
2003   07    0.2906
2003   08   -0.0521
2003   09   -0.0763
2003   10   -0.0731
2003   11   -0.1879
2003   12    0.1416
2004   01    0.2612
2004   02    0.0679
2004   03    0.2996
2004   04    0.2408
2004   05   -0.2931
2004   06   -0.1805
2004   07   -0.0724
2004   08   -0.0990
2004   09   -0.0590
2004   10    0.0829
2004   11    0.0737
2004   12    0.0885
2005   01    0.2862
2005   02    0.1114
2005   03    0.3805
2005   04    0.2842
2005   05    0.5632
2005   06    0.6600
2005   07    0.4014
2005   08    0.6712
2005   09    0.3221
2005   10    0.2780
2005   11    0.2383
2005   12   -0.0741
2006   01   -0.1419
2006   02    0.1140
2006   03    0.2746
2006   04    0.1508
2006   05   -0.3741
2006   06    0.3597
2006   07    0.6698
2006   08    0.5171
2006   09    0.2808
2006   10    0.5339
2006   11    0.1248
2006   12    0.4090
2007   01    0.7003
2007   02    1.1093
2007   03    0.0673
2007   04   -0.0308
2007   05   -0.2192
2007   06    0.0936
2007   07    0.2909
2007   08    0.1885
2007   09   -0.0900
2007   10   -0.2811
2007   11   -0.3039
2007   12   -0.4623
2008   01   -0.4132
2008   02   -0.5765
2008   03   -0.6883
2008   04   -0.2380
2008   05   -0.4686
2008   06   -0.1570
2008   07    0.4668
2008   08    0.6554
2008   09    0.1779
2008   10    0.0363
2008   11    0.0055
2008   12   -0.3544
2009   01   -0.3583
2009   02   -0.3412
2009   03   -0.3489
2009   04   -0.1818
2009   05    0.2597
2009   06    0.1068
2009   07    0.5544
2009   08    0.5028
2009   09    0.7825
2009   10    0.4229
2009   11    0.7865
2009   12    0.4940
2010   01    0.7536
2010   02    1.2097
2010   03    1.0586
2010   04    0.6450
2010   05    0.4936
2010   06    0.7029
2010   07    0.3202
2010   08    0.7108
2010   09    0.4904
2010   10    0.2170
2010   11   -0.0799
2010   12   -0.0361
2011   01   -0.2643
2011   02   -0.4786
2011   03   -0.5818
2011   04   -0.1892
2011   05    0.0732
2011   06    0.5624
2011   07    0.5598
2011   08    0.3355
2011   09    0.0723
2011   10   -0.1891
2011   11   -0.1069
2011   12   -0.1844
2012   01   -0.4805
2012   02   -0.7800
2012   03   -0.5591
2012   04   -0.2704
2012   05   -0.0405
2012   06    0.1006
2012   07    0.1848
2012   08    0.4524
2012   09    0.3690
2012   10    0.0132
2012   11    0.2065
2012   12   -0.0234
2013   01    0.2701
2013   02   -0.3365
2013   03    0.2536
2013   04    0.2655
2013   05    0.0531
2013   06    0.3087
2013   07    0.0039
2013   08   -0.1071
2013   09   -0.0052
2013   10   -0.2603
2013   11   -0.3283
2013   12   -0.0154
