year month anom
1979   01    0.1095
1979   02    0.2761
1979   03   -0.1345
1979   04   -0.1257
1979   05    0.2373
1979   06   -0.3753
1979   07   -0.1214
1979   08    0.3007
1979   09   -0.0566
1979   10    0.3055
1979   11    0.1343
1979   12    0.0972
1980   01    0.0141
1980   02    0.3952
1980   03   -0.1494
1980   04    0.1442
1980   05   -0.0235
1980   06    0.0270
1980   07    0.1301
1980   08   -0.1812
1980   09   -0.4277
1980   10   -0.2564
1980   11   -0.0853
1980   12   -0.0576
1981   01    0.0716
1981   02   -0.3086
1981   03    0.3727
1981   04   -0.1204
1981   05   -0.0967
1981   06   -0.1544
1981   07   -0.8873
1981   08   -0.4353
1981   09   -0.7066
1981   10   -0.2609
1981   11    0.0350
1981   12    0.0703
1982   01   -0.2117
1982   02   -0.2389
1982   03    0.0238
1982   04   -0.4696
1982   05   -0.3554
1982   06   -0.0190
1982   07    0.2574
1982   08   -0.3377
1982   09   -0.4676
1982   10   -0.2649
1982   11    0.0222
1982   12   -0.0771
1983   01    0.8370
1983   02    0.5517
1983   03    0.8502
1983   04    0.6792
1983   05    0.8485
1983   06    0.3788
1983   07    0.9567
1983   08    0.1163
1983   09    0.0728
1983   10   -0.5684
1983   11   -0.2705
1983   12   -0.4038
1984   01   -0.6688
1984   02   -0.5776
1984   03    0.0159
1984   04   -0.5154
1984   05    0.1704
1984   06   -0.0145
1984   07   -0.1820
1984   08   -0.7687
1984   09   -0.7580
1984   10   -0.0864
1984   11   -0.6328
1984   12   -0.4346
1985   01   -0.3890
1985   02   -0.5399
1985   03   -0.1373
1985   04   -0.2301
1985   05   -0.2890
1985   06   -0.8907
1985   07   -0.6975
1985   08   -0.5800
1985   09   -0.5331
1985   10   -0.3212
1985   11   -0.8596
1985   12   -0.2969
1986   01   -0.1105
1986   02   -0.2105
1986   03   -0.4787
1986   04    0.0297
1986   05    0.1936
1986   06   -0.6391
1986   07   -1.0227
1986   08   -0.1660
1986   09   -0.7022
1986   10   -0.8061
1986   11   -0.2290
1986   12   -0.1454
1987   01    0.3815
1987   02    0.3534
1987   03    0.2746
1987   04    0.2261
1987   05    0.1371
1987   06    0.1063
1987   07    0.9933
1987   08    0.1118
1987   09    0.2228
1987   10    0.5159
1987   11    0.5019
1987   12    0.6192
1988   01    0.5261
1988   02    0.5006
1988   03    0.5088
1988   04    0.3393
1988   05    0.1844
1988   06   -0.1626
1988   07   -0.4875
1988   08    0.5148
1988   09    0.2403
1988   10    0.0357
1988   11   -0.2625
1988   12   -0.3194
1989   01   -0.4771
1989   02   -0.6215
1989   03   -0.7768
1989   04   -0.4215
1989   05   -0.8721
1989   06   -0.1893
1989   07   -0.9842
1989   08   -0.1761
1989   09   -0.1329
1989   10   -0.4889
1989   11    0.0046
1989   12    0.2445
1990   01   -0.2650
1990   02    0.0328
1990   03   -0.0045
1990   04    0.1636
1990   05   -0.1550
1990   06   -0.2388
1990   07   -0.5990
1990   08   -0.4507
1990   09   -0.5538
1990   10    0.0034
1990   11    0.0150
1990   12   -0.3041
1991   01    0.0343
1991   02    0.2754
1991   03    0.1740
1991   04   -0.0820
1991   05    0.2909
1991   06    0.1859
1991   07   -0.2541
1991   08   -0.4402
1991   09   -0.2990
1991   10   -0.3600
1991   11   -0.2862
1991   12    0.1261
1992   01    0.0920
1992   02    0.0371
1992   03    0.0644
1992   04    0.1282
1992   05    0.7153
1992   06    0.3855
1992   07   -0.7103
1992   08   -0.3562
1992   09   -0.6345
1992   10    0.0905
1992   11   -0.3797
1992   12   -0.0859
1993   01   -0.3800
1993   02   -0.3549
1993   03   -0.4678
1993   04   -0.0617
1993   05    0.1081
1993   06    0.0819
1993   07    0.0771
1993   08   -0.6035
1993   09    0.1247
1993   10    0.0765
1993   11   -0.1156
1993   12    0.2625
1994   01    0.0910
1994   02   -0.1024
1994   03    0.1056
1994   04   -0.0141
1994   05    0.1231
1994   06   -0.2435
1994   07   -0.2016
1994   08    0.1189
1994   09    0.1831
1994   10   -0.1893
1994   11   -0.0478
1994   12   -0.1978
1995   01    0.1736
1995   02    0.1382
1995   03    0.0878
1995   04    0.0989
1995   05   -0.1403
1995   06    0.1649
1995   07    0.5051
1995   08    0.6755
1995   09    0.2335
1995   10   -0.0154
1995   11   -0.0548
1995   12   -0.3534
1996   01   -0.5113
1996   02   -0.2304
1996   03   -0.2097
1996   04   -0.2568
1996   05   -0.0353
1996   06   -0.7097
1996   07   -0.5169
1996   08   -0.0903
1996   09   -0.1755
1996   10   -0.2940
1996   11   -0.3089
1996   12   -0.1138
1997   01   -0.1178
1997   02   -0.5079
1997   03   -0.3027
1997   04   -0.1909
1997   05   -0.3503
1997   06    0.4497
1997   07    0.5070
1997   08   -0.0384
1997   09    0.7221
1997   10    1.0340
1997   11    0.5570
1997   12    0.7536
1998   01    1.2173
1998   02    1.3372
1998   03    0.9819
1998   04    1.2119
1998   05    0.1396
1998   06    0.0552
1998   07    0.6027
1998   08    1.0345
1998   09    0.7315
1998   10    0.4273
1998   11    0.0621
1998   12   -0.2795
1999   01   -0.5761
1999   02   -0.3225
1999   03   -0.1678
1999   04   -0.6390
1999   05   -0.4218
1999   06    0.0979
1999   07   -0.3256
1999   08   -0.5861
1999   09    0.0976
1999   10   -0.2997
1999   11   -0.5354
1999   12   -0.2987
2000   01   -0.3824
2000   02   -0.4513
2000   03   -0.5673
2000   04   -0.3658
2000   05   -0.0121
2000   06    0.1472
2000   07   -0.4686
2000   08   -0.0494
2000   09   -0.1843
2000   10   -0.2568
2000   11   -0.0776
2000   12   -0.0367
2001   01   -0.8827
2001   02   -0.6644
2001   03   -0.3864
2001   04   -0.2848
2001   05    0.1121
2001   06   -0.8790
2001   07    0.1766
2001   08    0.0668
2001   09   -0.0922
2001   10    0.1571
2001   11    0.2103
2001   12   -0.2473
2002   01    0.0334
2002   02   -0.1924
2002   03   -0.1191
2002   04   -0.1927
2002   05    0.1842
2002   06   -0.1193
2002   07    0.0644
2002   08    0.0359
2002   09    0.1310
2002   10   -0.0188
2002   11   -0.1057
2002   12    0.2921
2003   01    0.4242
2003   02    0.0900
2003   03   -0.1958
2003   04   -0.1158
2003   05   -0.0583
2003   06    0.4086
2003   07    0.1585
2003   08   -0.3429
2003   09   -0.4269
2003   10    0.0634
2003   11    0.0054
2003   12    0.1278
2004   01    0.2156
2004   02   -0.1377
2004   03    0.1025
2004   04    0.4630
2004   05   -0.3479
2004   06   -0.1372
2004   07    0.1572
2004   08   -0.4816
2004   09   -0.1353
2004   10   -0.0545
2004   11   -0.1195
2004   12    0.1313
2005   01    0.4907
2005   02    0.3072
2005   03    0.2935
2005   04    0.1651
2005   05    0.5136
2005   06    0.5030
2005   07    0.2123
2005   08    0.9698
2005   09    0.6406
2005   10    0.3467
2005   11    0.6383
2005   12    0.3249
2006   01    0.1045
2006   02    0.4487
2006   03    0.5215
2006   04    0.1629
2006   05   -0.6041
2006   06    0.6305
2006   07    0.9522
2006   08    1.0004
2006   09    0.9093
2006   10    0.9230
2006   11    0.4742
2006   12    0.3595
2007   01    0.4310
2007   02    0.8474
2007   03   -0.0391
2007   04    0.2240
2007   05   -0.2877
2007   06    0.3427
2007   07    0.3668
2007   08    0.2277
2007   09    0.3796
2007   10   -0.0398
2007   11   -0.3012
2007   12   -0.2716
2008   01   -0.1873
2008   02   -0.1053
2008   03   -0.4040
2008   04   -0.3327
2008   05   -0.6211
2008   06   -0.4071
2008   07    0.4394
2008   08    0.6278
2008   09    0.2710
2008   10    0.0697
2008   11    0.4313
2008   12   -0.1354
2009   01   -0.0822
2009   02   -0.0641
2009   03   -0.1113
2009   04   -0.1806
2009   05    0.0701
2009   06   -0.1203
2009   07    0.4275
2009   08    0.4488
2009   09    0.5450
2009   10    0.8624
2009   11    0.9281
2009   12    0.3017
2010   01    0.3782
2010   02    0.9300
2010   03    0.8144
2010   04    0.6754
2010   05    0.4091
2010   06    0.6024
2010   07    0.0318
2010   08    0.4635
2010   09    0.7556
2010   10    0.2439
2010   11   -0.0076
2010   12    0.2034
2011   01   -0.1996
2011   02   -0.3768
2011   03   -0.3787
2011   04   -0.0934
2011   05    0.0389
2011   06    0.3539
2011   07    0.5986
2011   08   -0.0422
2011   09    0.0246
2011   10   -0.3759
2011   11    0.2140
2011   12   -0.1727
2012   01   -0.2697
2012   02   -0.5876
2012   03   -0.3667
2012   04   -0.1198
2012   05   -0.1559
2012   06   -0.0928
2012   07   -0.1683
2012   08   -0.1589
2012   09    0.0309
2012   10    0.0927
2012   11    0.5237
2012   12   -0.0216
2013   01    0.0856
2013   02    0.0737
2013   03    0.2061
2013   04    0.1010
2013   05    0.3504
2013   06    0.4710
2013   07    0.0123
2013   08   -0.4276
2013   09   -0.0298
2013   10   -0.2905
2013   11   -0.0780
2013   12    0.3392
