year month anom
1979   01    0.7426
1979   02    0.6237
1979   03   -0.0703
1979   04    0.0018
1979   05    0.2149
1979   06   -0.0385
1979   07    0.1509
1979   08    0.5176
1979   09    0.3373
1979   10    0.3491
1979   11    0.2991
1979   12    0.1407
1980   01   -0.1575
1980   02    1.2697
1980   03    0.0940
1980   04    0.1798
1980   05    0.1077
1980   06    0.1376
1980   07    0.1904
1980   08    0.1431
1980   09    0.0891
1980   10   -0.2100
1980   11    0.1234
1980   12    0.1860
1981   01    0.4952
1981   02   -0.4035
1981   03    0.7424
1981   04    0.1836
1981   05    0.2906
1981   06    0.0772
1981   07   -0.3984
1981   08   -0.0134
1981   09   -0.3412
1981   10   -0.0081
1981   11    0.4583
1981   12   -0.0136
1982   01    0.0706
1982   02   -0.2183
1982   03    0.0852
1982   04   -0.2960
1982   05   -0.2599
1982   06   -0.0118
1982   07   -0.0242
1982   08   -0.2702
1982   09   -0.0674
1982   10   -0.0821
1982   11   -0.0781
1982   12   -0.1281
1983   01    0.5385
1983   02    0.7597
1983   03    0.8125
1983   04    0.5470
1983   05    0.8353
1983   06    0.7080
1983   07    0.8320
1983   08    0.1982
1983   09    0.2171
1983   10   -0.1800
1983   11    0.0489
1983   12   -0.2278
1984   01   -0.5533
1984   02   -0.8708
1984   03   -0.0555
1984   04   -0.3694
1984   05    0.1198
1984   06   -0.2294
1984   07   -0.3036
1984   08   -0.2864
1984   09   -0.3391
1984   10    0.0654
1984   11   -0.4092
1984   12   -0.5475
1985   01    0.2437
1985   02   -0.2600
1985   03   -0.0834
1985   04   -0.2333
1985   05   -0.4112
1985   06   -0.6987
1985   07   -0.5280
1985   08   -0.3666
1985   09   -0.1451
1985   10    0.0471
1985   11   -0.3290
1985   12    0.0420
1986   01   -0.4126
1986   02   -0.0497
1986   03   -0.5071
1986   04   -0.0438
1986   05    0.1204
1986   06   -0.5124
1986   07   -0.6460
1986   08    0.1247
1986   09   -0.3895
1986   10   -0.3613
1986   11   -0.3001
1986   12   -0.4525
1987   01   -0.3941
1987   02   -0.4071
1987   03    0.4378
1987   04    0.2212
1987   05    0.1999
1987   06    0.2015
1987   07    0.7023
1987   08    0.2189
1987   09    0.4286
1987   10    0.5326
1987   11    0.1596
1987   12    0.0979
1988   01    0.0144
1988   02    0.0631
1988   03    0.4107
1988   04    0.2837
1988   05    0.0368
1988   06   -0.0925
1988   07   -0.4229
1988   08    0.2511
1988   09    0.1765
1988   10    0.1184
1988   11   -0.5365
1988   12   -0.2375
1989   01   -0.7363
1989   02   -0.5907
1989   03   -0.7042
1989   04   -0.4708
1989   05   -0.8941
1989   06   -0.3497
1989   07   -0.6309
1989   08   -0.1427
1989   09    0.0258
1989   10   -0.5868
1989   11    0.0787
1989   12    0.7888
1990   01   -0.3468
1990   02    0.3251
1990   03   -0.3643
1990   04    0.0479
1990   05   -0.2409
1990   06   -0.2613
1990   07   -0.2445
1990   08   -0.3366
1990   09   -0.1553
1990   10    0.2660
1990   11   -0.1920
1990   12   -0.2840
1991   01    0.2331
1991   02    0.1981
1991   03    0.1107
1991   04   -0.1307
1991   05    0.1163
1991   06    0.3772
1991   07   -0.1632
1991   08   -0.5756
1991   09   -0.1534
1991   10   -0.4543
1991   11    0.0586
1991   12    0.2169
1992   01    0.0041
1992   02    0.3571
1992   03    0.1381
1992   04    0.1633
1992   05    0.5227
1992   06    0.1728
1992   07   -0.4722
1992   08   -0.2981
1992   09   -0.3470
1992   10   -0.2399
1992   11   -0.2278
1992   12   -0.2254
1993   01   -0.5152
1993   02   -0.4612
1993   03   -0.7787
1993   04   -0.2836
1993   05    0.1788
1993   06   -0.1465
1993   07    0.0383
1993   08   -0.2342
1993   09   -0.0650
1993   10   -0.3275
1993   11   -0.3427
1993   12   -0.0829
1994   01   -0.2285
1994   02   -0.6235
1994   03   -0.2445
1994   04   -0.2654
1994   05   -0.1076
1994   06   -0.2371
1994   07   -0.2349
1994   08   -0.2318
1994   09   -0.0807
1994   10   -0.1728
1994   11   -0.1503
1994   12    0.0820
1995   01    0.3303
1995   02    0.6853
1995   03    0.0173
1995   04    0.2360
1995   05   -0.0868
1995   06    0.2426
1995   07    0.2928
1995   08    0.6343
1995   09    0.2280
1995   10    0.2248
1995   11    0.0051
1995   12   -0.0961
1996   01   -0.0893
1996   02   -0.5416
1996   03   -0.0698
1996   04   -0.1842
1996   05   -0.1431
1996   06   -0.2722
1996   07   -0.3623
1996   08   -0.2104
1996   09   -0.1163
1996   10   -0.1561
1996   11   -0.1004
1996   12   -0.3959
1997   01    0.0717
1997   02   -0.8874
1997   03    0.0709
1997   04   -0.1848
1997   05   -0.3967
1997   06    0.4276
1997   07    0.1475
1997   08   -0.0050
1997   09    0.6434
1997   10    0.6977
1997   11    0.4795
1997   12    0.2707
1998   01    0.6493
1998   02    1.0924
1998   03    0.8044
1998   04    0.9331
1998   05    0.5359
1998   06    0.0301
1998   07    0.2257
1998   08    0.5400
1998   09    0.3906
1998   10    0.1145
1998   11    0.2256
1998   12    0.0505
1999   01   -0.6583
1999   02   -0.5773
1999   03    0.0435
1999   04   -0.7599
1999   05   -0.5821
1999   06    0.0203
1999   07   -0.3383
1999   08   -0.3895
1999   09    0.0154
1999   10   -0.3324
1999   11   -0.1469
1999   12   -0.0246
2000   01    0.2649
2000   02    0.0737
2000   03   -0.2974
2000   04   -0.4853
2000   05   -0.2379
2000   06    0.0309
2000   07   -0.1749
2000   08   -0.1749
2000   09   -0.1219
2000   10   -0.4917
2000   11    0.0963
2000   12   -0.2813
2001   01   -0.9102
2001   02   -0.5845
2001   03   -0.3166
2001   04   -0.3259
2001   05   -0.0400
2001   06   -0.6644
2001   07   -0.0272
2001   08   -0.2492
2001   09   -0.2692
2001   10   -0.0087
2001   11    0.0656
2001   12    0.0147
2002   01    0.1484
2002   02   -0.1296
2002   03   -0.1791
2002   04   -0.2677
2002   05   -0.0716
2002   06   -0.4126
2002   07    0.0769
2002   08   -0.1814
2002   09    0.0450
2002   10   -0.2622
2002   11   -0.4982
2002   12    0.0826
2003   01    0.4704
2003   02    0.1573
2003   03   -0.0674
2003   04   -0.0427
2003   05   -0.2036
2003   06    0.1174
2003   07   -0.1820
2003   08   -0.1639
2003   09   -0.2484
2003   10   -0.0398
2003   11   -0.0739
2003   12   -0.0005
2004   01    0.6780
2004   02   -0.1053
2004   03   -0.1275
2004   04    0.2839
2004   05   -0.0735
2004   06   -0.3363
2004   07    0.0141
2004   08   -0.4422
2004   09   -0.1623
2004   10    0.0681
2004   11    0.0994
2004   12    0.3145
2005   01    0.4473
2005   02    0.1234
2005   03    0.3806
2005   04    0.2446
2005   05    0.4839
2005   06    0.4756
2005   07    0.3568
2005   08    0.4011
2005   09    0.1569
2005   10    0.3375
2005   11    0.3250
2005   12    0.0625
2006   01   -0.2870
2006   02    0.1632
2006   03    0.0062
2006   04    0.1376
2006   05   -0.3401
2006   06    0.0900
2006   07    0.3715
2006   08    0.2132
2006   09    0.0550
2006   10    0.5443
2006   11    0.1003
2006   12    0.0292
2007   01    0.0999
2007   02    1.2551
2007   03   -0.1207
2007   04    0.1917
2007   05    0.0573
2007   06   -0.1118
2007   07    0.3244
2007   08    0.0365
2007   09   -0.3558
2007   10   -0.2612
2007   11   -0.2999
2007   12   -0.2059
2008   01   -0.3934
2008   02   -0.3806
2008   03   -0.3069
2008   04    0.0220
2008   05   -0.3844
2008   06   -0.1623
2008   07    0.1281
2008   08    0.3396
2008   09   -0.1407
2008   10   -0.2970
2008   11   -0.0133
2008   12    0.2307
2009   01   -0.4442
2009   02   -0.2651
2009   03   -0.1763
2009   04   -0.1134
2009   05    0.1163
2009   06    0.1537
2009   07    0.4793
2009   08    0.4025
2009   09    0.3410
2009   10    0.2024
2009   11    0.5075
2009   12    0.2982
2010   01    0.3909
2010   02    0.6349
2010   03    0.6510
2010   04    0.7150
2010   05    0.6047
2010   06    0.5000
2010   07    0.4916
2010   08    0.4513
2010   09    0.5302
2010   10    0.4666
2010   11    0.1790
2010   12    0.1035
2011   01    0.2062
2011   02   -0.0385
2011   03   -0.0014
2011   04   -0.0619
2011   05   -0.1006
2011   06    0.3167
2011   07    0.3126
2011   08    0.1938
2011   09    0.0106
2011   10    0.1825
2011   11    0.0938
2011   12   -0.2119
2012   01   -0.2320
2012   02   -0.3287
2012   03   -0.5788
2012   04   -0.0682
2012   05   -0.1674
2012   06    0.2052
2012   07    0.1694
2012   08    0.1519
2012   09   -0.0624
2012   10    0.1814
2012   11    0.4086
2012   12    0.1005
2013   01    0.2591
2013   02   -0.0583
2013   03    0.2446
2013   04    0.1944
2013   05    0.2001
2013   06    0.2534
2013   07   -0.1510
2013   08   -0.2459
2013   09   -0.1298
2013   10    0.0733
2013   11   -0.1137
2013   12    0.3035
