year month anom
1979   01    0.2954
1979   02    0.5154
1979   03    0.2890
1979   04    0.5569
1979   05    0.4523
1979   06    0.4812
1979   07    0.2318
1979   08   -0.1002
1979   09   -0.1002
1979   10   -0.1197
1979   11   -0.0332
1979   12    0.2033
1980   01    0.5224
1980   02    0.5935
1980   03    0.3149
1980   04    1.0555
1980   05    1.0481
1980   06    0.7776
1980   07    0.1197
1980   08    0.2002
1980   09   -0.0501
1980   10   -0.1736
1980   11   -0.1417
1980   12   -0.2248
1981   01    0.0349
1981   02   -0.1210
1981   03    0.5931
1981   04    0.3281
1981   05    0.2893
1981   06    0.2001
1981   07   -0.0428
1981   08   -0.0888
1981   09    0.0401
1981   10   -0.2495
1981   11   -0.1753
1981   12    0.0158
1982   01   -0.0637
1982   02   -0.1049
1982   03   -0.0739
1982   04   -0.2471
1982   05   -0.1307
1982   06   -0.2886
1982   07   -0.2325
1982   08   -0.4165
1982   09   -0.5333
1982   10   -0.6007
1982   11   -0.7577
1982   12   -1.0245
1983   01   -0.6500
1983   02   -0.0300
1983   03    0.4990
1983   04    0.5328
1983   05   -0.0380
1983   06    0.1099
1983   07   -0.0365
1983   08   -0.4729
1983   09   -0.4072
1983   10   -0.3414
1983   11    0.0525
1983   12    0.2498
1984   01   -0.2755
1984   02   -0.3645
1984   03   -0.3173
1984   04   -0.2101
1984   05   -0.2360
1984   06   -0.7080
1984   07   -0.5711
1984   08   -0.4206
1984   09   -0.6137
1984   10   -0.6472
1984   11   -0.6286
1984   12   -0.7359
1985   01   -0.5464
1985   02   -0.3717
1985   03   -0.8449
1985   04   -0.7949
1985   05   -0.9963
1985   06   -0.3259
1985   07   -0.0083
1985   08   -0.0253
1985   09   -0.1836
1985   10   -0.1941
1985   11    0.0470
1985   12   -0.2340
1986   01   -0.8319
1986   02   -0.8479
1986   03   -0.8925
1986   04   -0.9027
1986   05   -0.9486
1986   06   -0.6442
1986   07   -0.5084
1986   08   -0.4744
1986   09   -0.2559
1986   10   -0.4254
1986   11   -0.7933
1986   12   -0.9973
1987   01   -0.5602
1987   02   -0.3564
1987   03    0.2562
1987   04    0.4163
1987   05    0.4018
1987   06    0.7506
1987   07    0.4421
1987   08    0.3398
1987   09    0.3184
1987   10    0.2685
1987   11    0.2446
1987   12    0.5412
1988   01    0.1100
1988   02   -0.2230
1988   03    0.1556
1988   04    0.5984
1988   05    0.3261
1988   06    0.3072
1988   07    0.1553
1988   08   -0.1468
1988   09   -0.1192
1988   10   -0.3050
1988   11   -0.2686
1988   12   -0.2239
1989   01   -0.3096
1989   02   -0.4044
1989   03   -0.5558
1989   04   -0.8899
1989   05   -0.5540
1989   06    0.1509
1989   07    0.3503
1989   08    0.5429
1989   09    0.1391
1989   10    0.0762
1989   11   -0.1369
1989   12    0.2912
1990   01   -0.0210
1990   02    0.1650
1990   03    0.2744
1990   04    0.4592
1990   05    0.3295
1990   06   -0.0817
1990   07    0.1155
1990   08    0.3466
1990   09    0.4344
1990   10    0.2685
1990   11    0.1114
1990   12    0.0197
1991   01   -0.2366
1991   02   -0.1161
1991   03   -0.4170
1991   04   -0.3876
1991   05   -0.6290
1991   06   -0.6710
1991   07   -0.6051
1991   08   -0.5160
1991   09   -0.2277
1991   10   -0.2346
1991   11   -0.2980
1991   12   -0.2327
1992   01    0.2820
1992   02    0.2934
1992   03   -0.0001
1992   04   -0.4530
1992   05   -0.1823
1992   06   -0.3023
1992   07   -0.2054
1992   08   -0.2960
1992   09   -0.2709
1992   10   -0.5059
1992   11   -0.7743
1992   12   -0.6597
1993   01   -0.4427
1993   02   -0.3659
1993   03   -0.3544
1993   04   -0.1911
1993   05   -0.1642
1993   06   -0.2249
1993   07   -0.4825
1993   08   -0.3727
1993   09   -0.3517
1993   10   -0.5219
1993   11   -0.7830
1993   12   -1.1137
1994   01   -1.0446
1994   02   -1.1243
1994   03   -1.1193
1994   04   -0.6342
1994   05   -0.7729
1994   06   -0.7291
1994   07   -0.4452
1994   08   -0.4768
1994   09   -0.5642
1994   10   -0.5117
1994   11   -0.2940
1994   12   -0.3681
1995   01   -0.3051
1995   02   -0.2428
1995   03   -0.2495
1995   04   -0.1789
1995   05    0.2862
1995   06    0.5545
1995   07    0.6621
1995   08    0.6289
1995   09    0.3808
1995   10    0.3704
1995   11    0.6849
1995   12    0.3332
1996   01    0.6600
1996   02    0.5053
1996   03    0.2139
1996   04    0.3856
1996   05    0.4277
1996   06    0.3144
1996   07    0.3160
1996   08    0.0142
1996   09   -0.1107
1996   10   -0.1976
1996   11   -0.2090
1996   12   -0.1934
1997   01    0.2903
1997   02    0.7169
1997   03    0.4573
1997   04    0.4314
1997   05    0.3966
1997   06    0.5635
1997   07    0.3087
1997   08    0.0215
1997   09    0.0866
1997   10    0.1374
1997   11    0.2926
1997   12    0.1183
1998   01    0.2667
1998   02    0.9497
1998   03    0.7732
1998   04    0.4625
1998   05    0.5551
1998   06    0.3783
1998   07    0.3656
1998   08    0.2604
1998   09    0.1054
1998   10    0.2158
1998   11    0.2963
1998   12   -0.0334
1999   01   -0.4468
1999   02   -0.5854
1999   03   -0.8772
1999   04   -0.8705
1999   05   -0.4626
1999   06   -0.1406
1999   07   -0.1146
1999   08    0.0549
1999   09    0.1200
1999   10   -0.1077
1999   11   -0.1632
1999   12    0.1278
2000   01   -0.4402
2000   02   -0.2699
2000   03    0.2151
2000   04    0.0358
2000   05   -0.0147
2000   06   -0.0085
2000   07   -0.0091
2000   08   -0.0623
2000   09   -0.2057
2000   10   -0.4138
2000   11   -0.4619
2000   12   -0.3432
2001   01   -0.0788
2001   02   -0.0409
2001   03    0.3030
2001   04   -0.0658
2001   05   -0.1082
2001   06    0.0627
2001   07    0.0114
2001   08    0.1336
2001   09    0.2904
2001   10    0.4330
2001   11    0.7838
2001   12    0.8361
2002   01    1.0218
2002   02    0.8388
2002   03    0.4842
2002   04   -0.3649
2002   05   -0.6190
2002   06   -0.7689
2002   07   -0.9033
2002   08   -0.7169
2002   09   -0.4457
2002   10   -0.0283
2002   11   -0.1511
2002   12   -0.0383
2003   01    0.0491
2003   02   -0.4453
2003   03   -0.3436
2003   04   -0.2547
2003   05   -0.2962
2003   06   -0.1004
2003   07    0.1218
2003   08    0.3578
2003   09    0.3205
2003   10    0.6482
2003   11    0.2354
2003   12    0.4125
2004   01    0.4804
2004   02    0.4295
2004   03    0.1373
2004   04    0.0176
2004   05   -0.0591
2004   06   -0.0860
2004   07    0.2135
2004   08    0.5140
2004   09    0.3574
2004   10    0.3956
2004   11    0.7511
2004   12    0.6433
2005   01    0.3301
2005   02    0.0752
2005   03    0.4454
2005   04    0.5531
2005   05    0.4889
2005   06    0.7025
2005   07    0.3415
2005   08    0.0926
2005   09    0.2898
2005   10    0.2209
2005   11    0.3221
2005   12    0.7291
2006   01    0.5452
2006   02    0.0845
2006   03   -0.2474
2006   04    0.1745
2006   05    0.1801
2006   06   -0.0142
2006   07   -0.0917
2006   08    0.2932
2006   09    0.4300
2006   10    0.6032
2006   11    0.9579
2006   12    0.5284
2007   01    0.3254
2007   02    0.4506
2007   03    0.0949
2007   04   -0.0091
2007   05   -0.2752
2007   06   -0.3721
2007   07   -0.3728
2007   08   -0.4112
2007   09   -0.4865
2007   10   -0.3186
2007   11   -0.1723
2007   12   -0.3978
2008   01   -0.2424
2008   02    0.0808
2008   03    0.3259
2008   04    0.1116
2008   05    0.3552
2008   06    0.0362
2008   07    0.0359
2008   08   -0.0385
2008   09    0.2317
2008   10   -0.0139
2008   11   -0.2674
2008   12   -0.1843
2009   01   -0.4020
2009   02   -0.8631
2009   03   -0.8535
2009   04   -0.7764
2009   05   -0.6992
2009   06   -0.4476
2009   07    0.2360
2009   08    0.4729
2009   09    0.2757
2009   10    0.5432
2009   11    0.5171
2009   12    0.5145
2010   01    0.9003
2010   02    1.3371
2010   03    1.5104
2010   04    1.5365
2010   05    1.3798
2010   06    0.7811
2010   07    0.5814
2010   08    0.5406
2010   09    0.4991
2010   10    0.5622
2010   11    0.6720
2010   12    1.2282
2011   01    1.1691
2011   02    0.6390
2011   03    0.3226
2011   04    0.1048
2011   05    0.2930
2011   06    0.2121
2011   07    0.1977
2011   08   -0.0549
2011   09    0.0832
2011   10    0.3725
2011   11    0.1199
2011   12   -0.0055
2012   01   -0.3248
2012   02   -0.6062
2012   03   -0.8223
2012   04   -0.6245
2012   05   -0.4006
2012   06   -0.0331
2012   07    0.0587
2012   08    0.3359
2012   09    0.4213
2012   10    0.6206
2012   11    0.5085
2012   12    0.1896
2013   01   -0.0608
2013   02   -0.1910
2013   03    0.3034
2013   04    0.0948
2013   05    0.3769
2013   06   -0.4357
2013   07   -0.2356
2013   08   -0.0593
2013   09    0.1021
2013   10    0.1746
2013   11   -0.0875
2013   12    0.0286
