year month anom
1979   01    0.0953
1979   02    0.1317
1979   03    0.1384
1979   04    0.1750
1979   05   -0.0536
1979   06    0.0670
1979   07   -0.2015
1979   08    0.2031
1979   09    0.4340
1979   10    0.3279
1979   11    0.3236
1979   12    0.6568
1980   01    0.6055
1980   02    0.3901
1980   03    0.1523
1980   04    0.2003
1980   05    0.1610
1980   06    0.3736
1980   07    0.0290
1980   08   -0.1918
1980   09   -0.1257
1980   10   -0.0832
1980   11    0.0907
1980   12    0.3466
1981   01   -0.3612
1981   02   -0.3892
1981   03    0.0118
1981   04   -0.1806
1981   05   -0.1030
1981   06   -0.1445
1981   07   -0.4241
1981   08   -0.1637
1981   09   -0.0771
1981   10   -0.0106
1981   11   -0.4636
1981   12   -0.3416
1982   01    0.2418
1982   02    0.2498
1982   03    0.0469
1982   04    0.3015
1982   05    0.6530
1982   06    0.9210
1982   07    0.5940
1982   08    0.7946
1982   09    1.1487
1982   10    1.8652
1982   11    2.2004
1982   12    2.5292
1983   01    2.4007
1983   02    1.9475
1983   03    1.5217
1983   04    0.8960
1983   05    0.8818
1983   06    0.4933
1983   07   -0.1670
1983   08   -0.2916
1983   09   -0.2930
1983   10   -0.7654
1983   11   -0.9602
1983   12   -0.9709
1984   01   -0.7826
1984   02   -0.1937
1984   03   -0.2743
1984   04   -0.2362
1984   05   -0.4117
1984   06   -0.7078
1984   07   -0.3555
1984   08   -0.3095
1984   09   -0.2725
1984   10   -0.6907
1984   11   -1.1385
1984   12   -1.3128
1985   01   -0.9144
1985   02   -0.8454
1985   03   -0.6953
1985   04   -0.8088
1985   05   -0.7332
1985   06   -0.6703
1985   07   -0.4537
1985   08   -0.2753
1985   09   -0.5359
1985   10   -0.5217
1985   11   -0.4125
1985   12   -0.4329
1986   01   -0.6487
1986   02   -0.6754
1986   03   -0.4281
1986   04   -0.1725
1986   05   -0.3030
1986   06   -0.0083
1986   07    0.1161
1986   08    0.2819
1986   09    0.6152
1986   10    0.8327
1986   11    0.9893
1986   12    0.9868
1987   01    1.2734
1987   02    1.2289
1987   03    1.1854
1987   04    0.8648
1987   05    0.8643
1987   06    1.2002
1987   07    1.3693
1987   08    1.5276
1987   09    1.5371
1987   10    1.3944
1987   11    1.2381
1987   12    1.0440
1988   01    0.7926
1988   02    0.5343
1988   03    0.2830
1988   04   -0.4036
1988   05   -1.1950
1988   06   -1.3350
1988   07   -1.5184
1988   08   -1.3918
1988   09   -1.1620
1988   10   -1.9215
1988   11   -2.1320
1988   12   -2.0386
1989   01   -1.8752
1989   02   -1.2451
1989   03   -1.1347
1989   04   -1.0345
1989   05   -0.7320
1989   06   -0.6622
1989   07   -0.4714
1989   08   -0.5472
1989   09   -0.4011
1989   10   -0.3967
1989   11   -0.2930
1989   12   -0.1315
1990   01    0.1427
1990   02    0.3024
1990   03    0.2314
1990   04    0.2471
1990   05    0.2403
1990   06   -0.1117
1990   07    0.0805
1990   08    0.2369
1990   09    0.0995
1990   10    0.3204
1990   11    0.1703
1990   12    0.3532
1991   01    0.5128
1991   02    0.2569
1991   03    0.1060
1991   04    0.3059
1991   05    0.5547
1991   06    0.6205
1991   07    0.6033
1991   08    0.6048
1991   09    0.3933
1991   10    1.0138
1991   11    1.2218
1991   12    1.7281
1992   01    1.8746
1992   02    1.7952
1992   03    1.5492
1992   04    1.2839
1992   05    1.0675
1992   06    0.4450
1992   07    0.3529
1992   08   -0.0747
1992   09   -0.1181
1992   10   -0.3296
1992   11   -0.1810
1992   12    0.1932
1993   01    0.3094
1993   02    0.4347
1993   03    0.4718
1993   04    0.7418
1993   05    0.9135
1993   06    0.5663
1993   07    0.3342
1993   08   -0.0112
1993   09    0.2275
1993   10    0.2730
1993   11    0.2986
1993   12    0.2913
1994   01    0.0917
1994   02   -0.0063
1994   03    0.1543
1994   04    0.2754
1994   05    0.3016
1994   06    0.3591
1994   07    0.1559
1994   08    0.5059
1994   09    0.3505
1994   10    0.8408
1994   11    1.2276
1994   12    1.3643
1995   01    1.1083
1995   02    0.8139
1995   03    0.4860
1995   04    0.2682
1995   05    0.0100
1995   06   -0.0454
1995   07   -0.0580
1995   08   -0.3622
1995   09   -0.6531
1995   10   -0.9225
1995   11   -0.9027
1995   12   -0.8809
1996   01   -0.7634
1996   02   -0.7385
1996   03   -0.4934
1996   04   -0.3313
1996   05   -0.2637
1996   06   -0.2031
1996   07   -0.0988
1996   08   -0.2474
1996   09   -0.3085
1996   10   -0.3757
1996   11   -0.3328
1996   12   -0.4744
1997   01   -0.4658
1997   02   -0.2595
1997   03   -0.1223
1997   04    0.2637
1997   05    0.7052
1997   06    1.0909
1997   07    1.5627
1997   08    1.9030
1997   09    2.0135
1997   10    2.3338
1997   11    2.4966
1997   12    2.4754
1998   01    2.3715
1998   02    2.0675
1998   03    1.3507
1998   04    0.7678
1998   05    0.5885
1998   06   -0.7985
1998   07   -1.1624
1998   08   -1.2190
1998   09   -0.9844
1998   10   -1.1800
1998   11   -1.3385
1998   12   -1.6991
1999   01   -1.5246
1999   02   -1.2003
1999   03   -0.8567
1999   04   -0.7720
1999   05   -0.8381
1999   06   -0.9558
1999   07   -0.7876
1999   08   -1.1440
1999   09   -1.0403
1999   10   -1.0528
1999   11   -1.5110
1999   12   -1.6949
2000   01   -1.6883
2000   02   -1.3768
2000   03   -1.0308
2000   04   -0.7029
2000   05   -0.6850
2000   06   -0.6366
2000   07   -0.4600
2000   08   -0.4131
2000   09   -0.4722
2000   10   -0.6255
2000   11   -0.8075
2000   12   -0.9053
2001   01   -0.6467
2001   02   -0.4778
2001   03   -0.2170
2001   04   -0.1750
2001   05   -0.1864
2001   06    0.0486
2001   07    0.1057
2001   08    0.0505
2001   09   -0.1551
2001   10   -0.0731
2001   11   -0.1530
2001   12   -0.3625
2002   01   -0.0655
2002   02    0.1490
2002   03   -0.0065
2002   04    0.1117
2002   05    0.2493
2002   06    0.7039
2002   07    0.7141
2002   08    0.8784
2002   09    0.9558
2002   10    1.2238
2002   11    1.5302
2002   12    1.4407
2003   01    1.1772
2003   02    0.7491
2003   03    0.5795
2003   04    0.0161
2003   05   -0.3931
2003   06   -0.1563
2003   07    0.1954
2003   08   -0.0025
2003   09    0.1183
2003   10    0.4574
2003   11    0.4320
2003   12    0.3383
2004   01    0.2281
2004   02    0.1083
2004   03   -0.0870
2004   04    0.0850
2004   05    0.2012
2004   06    0.1099
2004   07    0.4336
2004   08    0.6381
2004   09    0.6847
2004   10    0.6935
2004   11    0.6458
2004   12    0.7356
2005   01    0.5765
2005   02    0.2543
2005   03    0.3119
2005   04    0.2260
2005   05    0.3502
2005   06    0.3439
2005   07    0.1869
2005   08    0.0358
2005   09   -0.0662
2005   10    0.1000
2005   11   -0.3076
2005   12   -0.6244
2006   01   -0.7354
2006   02   -0.6086
2006   03   -0.6233
2006   04   -0.1571
2006   05    0.0533
2006   06    0.2100
2006   07    0.1526
2006   08    0.3400
2006   09    0.6050
2006   10    0.7412
2006   11    1.0249
2006   12    1.1190
2007   01    0.7706
2007   02    0.1855
2007   03   -0.0483
2007   04   -0.0425
2007   05   -0.2895
2007   06   -0.1260
2007   07   -0.3609
2007   08   -0.5930
2007   09   -0.9959
2007   10   -1.3462
2007   11   -1.5642
2007   12   -1.4896
2008   01   -1.6576
2008   02   -1.7685
2008   03   -1.1419
2008   04   -0.9560
2008   05   -0.6909
2008   06   -0.4833
2008   07   -0.0641
2008   08    0.0316
2008   09   -0.2861
2008   10   -0.3648
2008   11   -0.3983
2008   12   -0.8443
2009   01   -0.9386
2009   02   -0.6867
2009   03   -0.5874
2009   04   -0.3187
2009   05    0.1286
2009   06    0.4181
2009   07    0.6907
2009   08    0.6550
2009   09    0.7019
2009   10    0.7926
2009   11    1.4238
2009   12    1.5513
2010   01    1.4836
2010   02    1.1133
2010   03    0.9318
2010   04    0.5428
2010   05   -0.1541
2010   06   -0.6025
2010   07   -1.0017
2010   08   -1.2868
2010   09   -1.5147
2010   10   -1.6173
2010   11   -1.6213
2010   12   -1.7384
2011   01   -1.6509
2011   02   -1.2154
2011   03   -1.0638
2011   04   -0.7312
2011   05   -0.4600
2011   06   -0.2639
2011   07   -0.3009
2011   08   -0.6329
2011   09   -0.7912
2011   10   -0.9640
2011   11   -1.1689
2011   12   -1.0650
2012   01   -1.0229
2012   02   -0.7749
2012   03   -0.6073
2012   04   -0.4367
2012   05   -0.1834
2012   06    0.1778
2012   07    0.4342
2012   08    0.6796
2012   09    0.4196
2012   10    0.2603
2012   11    0.2690
2012   12   -0.1141
2013   01   -0.3146
2013   02   -0.2504
2013   03   -0.0942
2013   04   -0.1133
2013   05   -0.2484
2013   06   -0.2378
2013   07   -0.2248
2013   08   -0.2093
2013   09   -0.0516
2013   10   -0.2294
2013   11    0.1038
2013   12   -0.0326
