year month anom
1979   01   -0.0592
1979   02    0.0250
1979   03    0.0277
1979   04    0.2195
1979   05    0.3937
1979   06    0.5099
1979   07    0.2915
1979   08   -0.0277
1979   09   -0.0516
1979   10   -0.0962
1979   11    0.0213
1979   12    0.0099
1980   01    0.2525
1980   02    0.2445
1980   03    0.1409
1980   04    0.3245
1980   05    0.6437
1980   06    0.4924
1980   07    0.2802
1980   08    0.2568
1980   09    0.2339
1980   10   -0.0723
1980   11   -0.0322
1980   12   -0.0818
1981   01    0.3816
1981   02    0.3658
1981   03    0.6761
1981   04    0.3842
1981   05    0.4802
1981   06    0.1713
1981   07    0.2222
1981   08    0.0143
1981   09   -0.0543
1981   10   -0.1323
1981   11    0.1217
1981   12    0.2035
1982   01   -0.0340
1982   02   -0.1976
1982   03   -0.1030
1982   04   -0.3240
1982   05   -0.2506
1982   06   -0.2163
1982   07   -0.3763
1982   08   -0.4077
1982   09   -0.2659
1982   10   -0.5740
1982   11   -0.6582
1982   12   -0.7106
1983   01   -0.5296
1983   02   -0.0980
1983   03    0.3904
1983   04    0.4298
1983   05    0.2773
1983   06    0.2191
1983   07   -0.0655
1983   08   -0.3249
1983   09   -0.3280
1983   10   -0.6261
1983   11   -0.3379
1983   12   -0.1455
1984   01   -0.1446
1984   02   -0.1807
1984   03   -0.3195
1984   04   -0.4677
1984   05   -0.5136
1984   06   -0.4158
1984   07   -0.6791
1984   08   -0.7965
1984   09   -0.6807
1984   10   -0.7052
1984   11   -0.7396
1984   12   -0.5984
1985   01   -0.4515
1985   02   -0.3882
1985   03   -0.6431
1985   04   -0.6773
1985   05   -0.7102
1985   06   -0.4178
1985   07   -0.1824
1985   08   -0.2066
1985   09   -0.3772
1985   10   -0.6242
1985   11   -0.3094
1985   12   -0.5723
1986   01   -0.5965
1986   02   -0.3907
1986   03   -0.2508
1986   04   -0.5419
1986   05   -0.5280
1986   06   -0.6099
1986   07   -0.5329
1986   08   -0.5681
1986   09   -0.4489
1986   10   -0.5689
1986   11   -0.4406
1986   12   -0.8307
1987   01   -0.4383
1987   02   -0.2580
1987   03    0.0027
1987   04    0.1333
1987   05    0.2061
1987   06    0.4764
1987   07    0.1023
1987   08    0.2643
1987   09    0.0981
1987   10    0.2720
1987   11    0.3548
1987   12    0.3495
1988   01    0.2489
1988   02    0.0818
1988   03    0.1114
1988   04    0.1217
1988   05    0.0317
1988   06    0.3235
1988   07    0.2959
1988   08   -0.0664
1988   09   -0.0970
1988   10   -0.3322
1988   11   -0.3653
1988   12   -0.4368
1989   01   -0.6463
1989   02   -0.5638
1989   03   -0.7651
1989   04   -0.7709
1989   05   -0.8371
1989   06   -0.4698
1989   07   -0.0107
1989   08    0.1298
1989   09   -0.3255
1989   10   -0.2134
1989   11   -0.2157
1989   12   -0.0524
1990   01   -0.3759
1990   02   -0.1940
1990   03   -0.2000
1990   04    0.0269
1990   05    0.0914
1990   06   -0.1215
1990   07    0.0121
1990   08   -0.0267
1990   09    0.1119
1990   10    0.1567
1990   11   -0.0604
1990   12   -0.0904
1991   01   -0.2064
1991   02   -0.1032
1991   03   -0.3422
1991   04   -0.3768
1991   05   -0.3573
1991   06   -0.5198
1991   07   -0.5332
1991   08   -0.5299
1991   09   -0.5200
1991   10   -0.4019
1991   11   -0.5237
1991   12   -0.3640
1992   01   -0.2637
1992   02   -0.2733
1992   03   -0.3011
1992   04   -0.2920
1992   05   -0.2453
1992   06   -0.2809
1992   07   -0.1846
1992   08   -0.2499
1992   09   -0.3181
1992   10   -0.3101
1992   11   -0.4036
1992   12   -0.3381
1993   01   -0.2455
1993   02   -0.2785
1993   03   -0.2849
1993   04   -0.1614
1993   05   -0.0962
1993   06   -0.0969
1993   07   -0.2588
1993   08   -0.4073
1993   09   -0.3211
1993   10   -0.2393
1993   11   -0.4167
1993   12   -0.4095
1994   01   -0.4504
1994   02   -0.4820
1994   03   -0.4479
1994   04   -0.5048
1994   05   -0.6471
1994   06   -0.6946
1994   07   -0.6119
1994   08   -0.4364
1994   09   -0.4662
1994   10   -0.3119
1994   11   -0.2411
1994   12   -0.3976
1995   01   -0.0741
1995   02   -0.1110
1995   03   -0.0090
1995   04    0.3497
1995   05    0.4344
1995   06    0.2057
1995   07    0.3410
1995   08    0.2865
1995   09    0.0705
1995   10    0.2327
1995   11    0.3227
1995   12    0.3880
1996   01    0.6405
1996   02    0.4921
1996   03    0.3082
1996   04    0.3169
1996   05    0.0945
1996   06    0.0455
1996   07   -0.1861
1996   08   -0.0933
1996   09   -0.0380
1996   10   -0.1476
1996   11   -0.2729
1996   12    0.0093
1997   01    0.1453
1997   02   -0.0380
1997   03   -0.2621
1997   04   -0.0417
1997   05    0.0160
1997   06    0.1228
1997   07    0.1302
1997   08    0.0662
1997   09    0.0907
1997   10    0.4656
1997   11    0.3262
1997   12    0.2801
1998   01    0.2262
1998   02    0.4827
1998   03    0.4422
1998   04    0.4079
1998   05    0.6316
1998   06    0.5805
1998   07    0.6007
1998   08    0.6446
1998   09    0.2905
1998   10    0.2889
1998   11    0.2087
1998   12    0.1854
1999   01   -0.2932
1999   02   -0.1385
1999   03   -0.0657
1999   04   -0.0220
1999   05    0.0125
1999   06   -0.0895
1999   07    0.1201
1999   08    0.2519
1999   09    0.1568
1999   10    0.0946
1999   11    0.0500
1999   12    0.3084
2000   01   -0.0466
2000   02   -0.1554
2000   03   -0.1762
2000   04   -0.4742
2000   05   -0.3842
2000   06   -0.3698
2000   07   -0.2712
2000   08   -0.1161
2000   09   -0.2506
2000   10   -0.0417
2000   11   -0.2240
2000   12   -0.5706
2001   01   -0.4976
2001   02   -0.4148
2001   03   -0.1579
2001   04   -0.2560
2001   05   -0.1618
2001   06   -0.1273
2001   07    0.0113
2001   08    0.0059
2001   09    0.1249
2001   10   -0.0076
2001   11    0.3956
2001   12    0.4825
2002   01    0.3829
2002   02    0.1537
2002   03    0.1549
2002   04   -0.0631
2002   05   -0.3809
2002   06   -0.5108
2002   07   -0.5027
2002   08   -0.3250
2002   09   -0.3639
2002   10    0.0473
2002   11   -0.1106
2002   12   -0.1973
2003   01   -0.1227
2003   02   -0.0968
2003   03   -0.2316
2003   04   -0.2943
2003   05   -0.5145
2003   06   -0.4609
2003   07   -0.2141
2003   08    0.1494
2003   09    0.3040
2003   10    0.4865
2003   11    0.3833
2003   12    0.4300
2004   01    0.3845
2004   02    0.2460
2004   03    0.0190
2004   04    0.2873
2004   05   -0.0673
2004   06   -0.1224
2004   07    0.0103
2004   08    0.2842
2004   09    0.3541
2004   10    0.3660
2004   11    0.5112
2004   12    0.6464
2005   01    0.7186
2005   02    0.9154
2005   03    0.9407
2005   04    0.7526
2005   05    0.8844
2005   06    0.9157
2005   07    0.7168
2005   08    0.5755
2005   09    0.5390
2005   10    0.4356
2005   11    0.2677
2005   12    0.3799
2006   01    0.2957
2006   02    0.0897
2006   03    0.0301
2006   04    0.2290
2006   05    0.2752
2006   06    0.1525
2006   07    0.0153
2006   08    0.1737
2006   09    0.4147
2006   10    0.4359
2006   11    0.3874
2006   12    0.1992
2007   01    0.2377
2007   02    0.4133
2007   03    0.1272
2007   04    0.2701
2007   05    0.0198
2007   06   -0.0205
2007   07   -0.0971
2007   08   -0.1913
2007   09   -0.1400
2007   10   -0.0669
2007   11    0.0288
2007   12   -0.0289
2008   01   -0.0503
2008   02   -0.2740
2008   03   -0.3215
2008   04   -0.5126
2008   05   -0.2400
2008   06   -0.0913
2008   07    0.0471
2008   08    0.1718
2008   09    0.4055
2008   10    0.4275
2008   11    0.2254
2008   12    0.2745
2009   01    0.0613
2009   02   -0.0517
2009   03   -0.1128
2009   04   -0.0302
2009   05   -0.3035
2009   06   -0.2278
2009   07    0.0283
2009   08    0.0010
2009   09    0.1494
2009   10    0.3487
2009   11    0.3538
2009   12    0.2555
2010   01    0.4318
2010   02    0.5807
2010   03    1.0706
2010   04    1.0916
2010   05    1.1384
2010   06    1.1483
2010   07    0.9081
2010   08    0.8973
2010   09    0.7748
2010   10    0.6221
2010   11    0.6123
2010   12    0.6561
2011   01    0.6453
2011   02    0.3782
2011   03    0.4124
2011   04    0.3568
2011   05    0.5410
2011   06    0.7525
2011   07    0.4963
2011   08    0.3963
2011   09    0.2579
2011   10    0.1384
2011   11    0.1526
2011   12    0.2748
2012   01    0.1887
2012   02    0.1106
2012   03   -0.1588
2012   04    0.0058
2012   05    0.0241
2012   06    0.0826
2012   07    0.1580
2012   08    0.1620
2012   09    0.3602
2012   10    0.4195
2012   11    0.6869
2012   12    0.5571
2013   01    0.2847
2013   02    0.1084
2013   03    0.2986
2013   04    0.1034
2013   05    0.0418
2013   06   -0.3349
2013   07   -0.0808
2013   08    0.0421
2013   09    0.3098
2013   10    0.2338
2013   11   -0.0583
2013   12   -0.0651
