year month anom
1979   01    0.1067
1979   02    0.5942
1979   03    0.2197
1979   04    0.6070
1979   05    1.0053
1979   06    0.7136
1979   07    0.3361
1979   08    0.1992
1979   09    0.1199
1979   10   -0.2957
1979   11   -0.5800
1979   12   -0.4999
1980   01   -0.0431
1980   02    0.0135
1980   03   -0.1030
1980   04   -0.1166
1980   05    0.3016
1980   06    0.4166
1980   07    0.3171
1980   08    0.2547
1980   09   -0.1691
1980   10   -0.5312
1980   11   -0.0036
1980   12    0.4924
1981   01    0.4651
1981   02    0.5096
1981   03    0.4376
1981   04    0.2689
1981   05    0.3117
1981   06    0.0005
1981   07    0.0436
1981   08    0.1545
1981   09   -0.0259
1981   10    0.2524
1981   11    0.2243
1981   12    0.5953
1982   01    0.5224
1982   02   -0.1606
1982   03   -0.3925
1982   04   -0.5941
1982   05   -0.5455
1982   06   -0.4888
1982   07   -0.4693
1982   08   -0.5239
1982   09   -0.6957
1982   10   -1.1599
1982   11   -0.7585
1982   12   -1.0020
1983   01   -1.2526
1983   02   -0.5638
1983   03   -0.3908
1983   04   -0.6938
1983   05   -0.4071
1983   06   -0.4936
1983   07   -0.1752
1983   08   -0.9593
1983   09   -1.0879
1983   10   -0.9176
1983   11   -0.4137
1983   12   -0.3674
1984   01   -0.9086
1984   02   -0.8801
1984   03   -0.5373
1984   04   -0.4311
1984   05   -0.2824
1984   06   -0.9264
1984   07   -0.4625
1984   08   -0.2660
1984   09   -0.6748
1984   10   -1.3194
1984   11   -1.2711
1984   12   -1.2165
1985   01   -1.2659
1985   02   -0.9103
1985   03   -0.7239
1985   04   -0.7672
1985   05   -1.1984
1985   06   -0.7026
1985   07   -0.9762
1985   08   -1.2245
1985   09   -0.9399
1985   10   -1.0123
1985   11   -0.9398
1985   12   -0.6217
1986   01   -0.7898
1986   02   -0.6020
1986   03   -0.8161
1986   04   -0.7678
1986   05   -0.9524
1986   06   -1.1946
1986   07   -0.7045
1986   08   -0.5115
1986   09    0.6267
1986   10   -0.6091
1986   11   -1.2682
1986   12   -1.4737
1987   01   -0.6964
1987   02   -0.6124
1987   03   -0.4639
1987   04   -0.4262
1987   05   -0.5389
1987   06    0.2932
1987   07    0.0650
1987   08    0.7898
1987   09    0.0925
1987   10   -0.5960
1987   11   -0.4111
1987   12    0.1068
1988   01   -0.0081
1988   02    0.1334
1988   03    0.2871
1988   04    0.0751
1988   05    0.0873
1988   06   -0.1058
1988   07   -0.3152
1988   08   -0.5044
1988   09    0.0010
1988   10    0.1671
1988   11    0.2929
1988   12    0.2321
1989   01   -0.2196
1989   02   -0.3044
1989   03   -0.2559
1989   04   -0.7332
1989   05   -0.7392
1989   06   -0.6199
1989   07   -0.9137
1989   08   -0.8070
1989   09   -0.8177
1989   10   -0.7380
1989   11   -0.8835
1989   12   -0.4533
1990   01   -0.8661
1990   02   -0.6626
1990   03   -0.6596
1990   04   -1.1294
1990   05   -0.8565
1990   06   -1.2599
1990   07   -1.9215
1990   08   -1.4512
1990   09   -1.0329
1990   10   -0.5916
1990   11   -0.4713
1990   12   -0.4836
1991   01   -1.0111
1991   02   -0.8399
1991   03   -0.5659
1991   04   -0.5516
1991   05   -0.4881
1991   06   -0.5038
1991   07   -0.5632
1991   08   -1.3048
1991   09   -0.9339
1991   10   -0.7806
1991   11   -0.6449
1991   12   -0.7809
1992   01   -0.3551
1992   02   -0.4752
1992   03   -0.6179
1992   04   -0.5583
1992   05   -0.9703
1992   06   -1.0628
1992   07   -1.0920
1992   08   -1.6677
1992   09   -1.2004
1992   10   -0.1017
1992   11   -0.5421
1992   12   -0.9053
1993   01   -0.6956
1993   02   -0.6667
1993   03   -0.6225
1993   04   -0.5683
1993   05   -0.6968
1993   06   -0.5039
1993   07   -0.4855
1993   08   -0.3033
1993   09   -0.1315
1993   10   -0.1022
1993   11   -0.4482
1993   12   -0.8516
1994   01   -0.7308
1994   02   -0.6574
1994   03   -0.5049
1994   04   -0.6628
1994   05   -0.5134
1994   06   -0.7149
1994   07   -1.4229
1994   08   -1.2438
1994   09   -1.0205
1994   10    0.1297
1994   11    0.1841
1994   12   -0.7200
1995   01   -0.6335
1995   02   -0.6225
1995   03   -0.6491
1995   04   -0.4499
1995   05    0.2305
1995   06    0.3360
1995   07    0.0108
1995   08   -0.1953
1995   09   -0.5209
1995   10   -0.6069
1995   11   -0.0200
1995   12    0.0875
1996   01    0.2949
1996   02   -0.0779
1996   03    0.0595
1996   04    0.6342
1996   05    0.9730
1996   06    0.1721
1996   07   -0.1323
1996   08   -0.1327
1996   09   -0.0515
1996   10   -0.0302
1996   11    0.2777
1996   12    0.2457
1997   01    0.3904
1997   02    0.1864
1997   03   -0.1637
1997   04    0.4626
1997   05    0.8251
1997   06    0.6625
1997   07    1.1605
1997   08    0.4921
1997   09    0.7118
1997   10    1.1727
1997   11    1.2665
1997   12    1.2210
1998   01    0.7221
1998   02    0.5229
1998   03    0.6225
1998   04    0.7643
1998   05    0.4743
1998   06    1.1491
1998   07    1.3355
1998   08    1.2418
1998   09    0.8491
1998   10    1.1455
1998   11    0.7487
1998   12    0.5294
1999   01   -0.0105
1999   02    0.5275
1999   03    0.4546
1999   04    0.5378
1999   05    0.3632
1999   06   -0.0871
1999   07   -0.4652
1999   08    0.1027
1999   09   -0.5890
1999   10   -0.0948
1999   11    0.0654
1999   12    0.0241
2000   01   -0.0560
2000   02   -0.1800
2000   03   -0.0187
2000   04    0.1403
2000   05   -0.1255
2000   06   -0.7278
2000   07   -0.1878
2000   08    0.3803
2000   09    0.2008
2000   10   -0.7278
2000   11   -0.4754
2000   12    0.0868
2001   01    0.1199
2001   02    0.2781
2001   03    0.4892
2001   04    0.5386
2001   05    0.3888
2001   06    1.4450
2001   07    1.0543
2001   08    0.5932
2001   09    0.3992
2001   10    0.4713
2001   11    0.6990
2001   12    0.8874
2002   01    0.8453
2002   02    0.3860
2002   03    0.2305
2002   04   -0.1268
2002   05   -0.0859
2002   06   -0.2870
2002   07   -0.4404
2002   08    0.1525
2002   09    0.0224
2002   10    0.2269
2002   11   -0.0777
2002   12    0.3129
2003   01    0.7415
2003   02    0.5829
2003   03    0.3654
2003   04    0.3193
2003   05    0.0395
2003   06    0.0004
2003   07    0.2312
2003   08   -0.1897
2003   09    0.6192
2003   10    1.3516
2003   11    0.8516
2003   12    0.6975
2004   01    0.8153
2004   02    0.9502
2004   03    0.8343
2004   04    0.5007
2004   05    0.3086
2004   06    0.2241
2004   07    0.6496
2004   08    0.5812
2004   09    0.0916
2004   10    0.4336
2004   11    0.8249
2004   12    0.7342
2005   01    0.5403
2005   02    0.3248
2005   03    0.9052
2005   04    0.7079
2005   05    0.9777
2005   06    1.4569
2005   07    1.3033
2005   08    1.0957
2005   09    1.1516
2005   10    0.3758
2005   11    0.5114
2005   12    0.7145
2006   01    0.8114
2006   02    0.8110
2006   03    0.7967
2006   04    1.0028
2006   05    0.8675
2006   06    0.8695
2006   07    0.8252
2006   08    1.0767
2006   09    1.3992
2006   10    1.2008
2006   11    1.2081
2006   12    0.6374
2007   01    0.6604
2007   02    0.8179
2007   03    0.6031
2007   04    0.5612
2007   05    0.2999
2007   06    0.4320
2007   07    1.5024
2007   08    0.4818
2007   09    1.1694
2007   10    0.6573
2007   11    0.5708
2007   12    0.3184
2008   01    0.1479
2008   02    0.0994
2008   03   -0.0413
2008   04    0.0265
2008   05    0.2320
2008   06    0.6754
2008   07    0.8037
2008   08    0.9091
2008   09    0.4131
2008   10    0.1698
2008   11    0.0695
2008   12    0.2541
2009   01    0.2995
2009   02    0.2280
2009   03    0.1235
2009   04    0.0923
2009   05   -0.5680
2009   06   -0.5248
2009   07   -0.4520
2009   08   -0.3320
2009   09   -0.6597
2009   10   -0.1523
2009   11   -0.2238
2009   12   -0.1020
2010   01    0.3886
2010   02    0.5832
2010   03    0.6528
2010   04    0.6745
2010   05    1.2366
2010   06    0.9477
2010   07    0.5888
2010   08    1.2501
2010   09    1.8880
2010   10    1.3626
2010   11    1.0632
2010   12    1.3692
2011   01    1.6168
2011   02    0.8724
2011   03    0.4462
2011   04    0.0723
2011   05   -0.4024
2011   06    0.1566
2011   07   -0.1376
2011   08    0.3245
2011   09   -0.1462
2011   10   -0.3158
2011   11   -0.3889
2011   12   -0.5162
2012   01   -0.2155
2012   02   -0.0810
2012   03   -0.1778
2012   04    0.1820
2012   05    0.4573
2012   06    0.7262
2012   07    1.6459
2012   08    1.6854
2012   09    1.2222
2012   10    0.8906
2012   11    0.9020
2012   12    0.5964
2013   01    0.2699
2013   02   -0.1245
2013   03    0.1773
2013   04    0.4087
2013   05   -0.0089
2013   06   -0.4734
2013   07   -0.5558
2013   08   -0.1484
2013   09   -0.2800
2013   10    0.6752
2013   11    0.0616
2013   12   -0.1488
