year month anom
1979   01    0.3232
1979   02    0.2039
1979   03   -0.1110
1979   04   -0.1308
1979   05    0.1248
1979   06   -0.1574
1979   07    0.0314
1979   08    0.0093
1979   09   -0.4337
1979   10   -0.5047
1979   11    0.4895
1979   12   -0.1276
1980   01    0.0233
1980   02    0.9461
1980   03    0.1692
1980   04   -0.0224
1980   05    0.0836
1980   06    0.1188
1980   07   -0.0141
1980   08    0.1859
1980   09    0.0326
1980   10   -0.2266
1980   11   -0.6967
1980   12   -0.1177
1981   01   -0.0909
1981   02   -0.2154
1981   03    0.6764
1981   04    0.2861
1981   05    0.0511
1981   06    0.0380
1981   07   -0.4779
1981   08   -0.3401
1981   09   -1.0206
1981   10   -0.8591
1981   11    0.3018
1981   12    0.0477
1982   01   -0.3620
1982   02   -0.4697
1982   03   -0.3595
1982   04   -0.5724
1982   05   -0.4082
1982   06    0.0111
1982   07   -0.1148
1982   08   -0.0692
1982   09    0.4271
1982   10    0.2962
1982   11    0.7696
1982   12    0.7141
1983   01    1.4667
1983   02    2.0110
1983   03    1.4110
1983   04    0.1939
1983   05    0.6020
1983   06    0.5664
1983   07    0.7933
1983   08   -0.0296
1983   09    0.0138
1983   10   -0.2096
1983   11    0.1464
1983   12   -0.7707
1984   01   -0.9663
1984   02   -0.7394
1984   03   -0.0245
1984   04   -0.2741
1984   05   -0.5040
1984   06   -0.6117
1984   07   -0.7042
1984   08   -0.6537
1984   09   -1.5284
1984   10   -1.2529
1984   11   -1.1444
1984   12   -1.0053
1985   01   -0.6405
1985   02   -0.4980
1985   03   -0.1958
1985   04    0.1595
1985   05   -0.5248
1985   06   -0.7936
1985   07   -0.8286
1985   08   -0.9204
1985   09   -1.0453
1985   10   -0.7681
1985   11   -0.9173
1985   12   -1.0881
1986   01   -0.6132
1986   02   -0.6572
1986   03   -0.3841
1986   04    0.1095
1986   05   -0.0695
1986   06   -0.7226
1986   07   -0.6864
1986   08    0.1987
1986   09   -0.2300
1986   10   -0.4907
1986   11   -0.7867
1986   12   -0.5031
1987   01   -0.3270
1987   02   -0.0042
1987   03    0.5692
1987   04    0.4502
1987   05    0.0676
1987   06    0.3730
1987   07    0.6209
1987   08    0.3019
1987   09    0.2697
1987   10    0.4816
1987   11    0.7990
1987   12    0.9884
1988   01   -0.0404
1988   02    0.1821
1988   03    0.6688
1988   04    0.6933
1988   05   -0.0153
1988   06   -0.3825
1988   07   -0.5347
1988   08   -0.3448
1988   09   -0.7522
1988   10   -0.9395
1988   11   -1.1246
1988   12   -1.2408
1989   01   -0.9385
1989   02   -1.0456
1989   03   -1.0798
1989   04   -0.5652
1989   05   -0.8203
1989   06   -0.5374
1989   07   -0.5150
1989   08   -0.3616
1989   09   -0.2548
1989   10   -1.5330
1989   11   -1.2220
1989   12   -0.5029
1990   01   -0.4814
1990   02    0.0227
1990   03   -0.4631
1990   04   -0.1924
1990   05   -0.1817
1990   06    0.0047
1990   07   -0.1889
1990   08   -0.3232
1990   09   -0.3195
1990   10    0.2402
1990   11    0.1652
1990   12   -0.3565
1991   01   -0.1776
1991   02    0.2359
1991   03    0.1413
1991   04   -0.2291
1991   05   -0.0364
1991   06    0.0028
1991   07   -0.2693
1991   08   -0.6349
1991   09   -0.1756
1991   10   -0.6428
1991   11    0.6437
1991   12    0.9202
1992   01    1.0068
1992   02    0.6264
1992   03    0.1513
1992   04    0.1472
1992   05    0.6418
1992   06    0.5254
1992   07   -0.0130
1992   08   -0.3303
1992   09    0.5291
1992   10    0.7559
1992   11    0.0922
1992   12    0.3108
1993   01   -0.1828
1993   02   -0.2074
1993   03   -0.7582
1993   04   -0.3362
1993   05    0.1460
1993   06    0.0263
1993   07    0.1909
1993   08    0.0521
1993   09   -0.0039
1993   10   -0.2475
1993   11   -0.8774
1993   12   -0.1344
1994   01   -0.2086
1994   02   -0.5581
1994   03   -0.3861
1994   04   -0.2883
1994   05   -0.4183
1994   06   -0.2846
1994   07   -0.2183
1994   08   -0.5042
1994   09    0.0092
1994   10   -0.3817
1994   11   -0.3160
1994   12   -0.0420
1995   01    0.1336
1995   02    0.6290
1995   03   -0.0249
1995   04    0.3640
1995   05    0.0835
1995   06   -0.0058
1995   07    0.0026
1995   08    0.3000
1995   09   -0.1095
1995   10   -0.1470
1995   11   -0.9388
1995   12   -0.1777
1996   01   -0.6150
1996   02   -0.5117
1996   03   -0.4534
1996   04   -0.1528
1996   05   -0.3142
1996   06   -0.3970
1996   07   -0.3207
1996   08   -0.5590
1996   09   -0.3030
1996   10   -0.2941
1996   11   -0.6503
1996   12   -0.1378
1997   01   -0.4032
1997   02   -0.7456
1997   03   -0.3833
1997   04   -0.1649
1997   05   -0.2565
1997   06    0.4212
1997   07    0.3481
1997   08    0.2747
1997   09    0.6835
1997   10    1.1879
1997   11    0.6341
1997   12    0.4182
1998   01    0.8631
1998   02    1.5167
1998   03    1.0063
1998   04    0.8535
1998   05    0.8030
1998   06    0.3499
1998   07    0.3049
1998   08    0.5418
1998   09    0.1227
1998   10    0.1008
1998   11   -0.4318
1998   12    0.2134
1999   01   -0.4637
1999   02   -0.4303
1999   03   -0.2751
1999   04   -0.3310
1999   05   -0.4272
1999   06   -0.1763
1999   07   -0.2550
1999   08   -0.5861
1999   09   -0.7270
1999   10   -1.2683
1999   11   -0.2248
1999   12   -0.3364
2000   01   -0.7061
2000   02   -0.7471
2000   03   -0.7577
2000   04   -0.8736
2000   05   -0.4112
2000   06   -0.2100
2000   07   -0.3602
2000   08   -0.1969
2000   09   -0.4771
2000   10   -0.4407
2000   11   -0.1317
2000   12   -0.2204
2001   01   -0.8571
2001   02   -0.5732
2001   03    0.0264
2001   04   -0.1612
2001   05    0.0282
2001   06   -0.5772
2001   07    0.0274
2001   08    0.1349
2001   09   -0.5090
2001   10    0.3754
2001   11    0.6811
2001   12    0.9154
2002   01    0.2375
2002   02   -0.1287
2002   03   -0.1480
2002   04   -0.2004
2002   05    0.1134
2002   06   -0.2255
2002   07    0.5420
2002   08    0.3301
2002   09    0.9619
2002   10    1.0455
2002   11    0.1002
2002   12   -0.0238
2003   01    0.9094
2003   02    0.4251
2003   03    0.4450
2003   04    0.4000
2003   05    0.1439
2003   06    0.2676
2003   07    0.1667
2003   08    0.4200
2003   09    0.2271
2003   10    0.5794
2003   11   -0.2771
2003   12    0.3645
2004   01    0.5997
2004   02    0.0812
2004   03   -0.1526
2004   04    0.0434
2004   05   -0.0044
2004   06   -0.3384
2004   07   -0.2225
2004   08   -0.0259
2004   09   -0.2512
2004   10    0.4931
2004   11    1.2729
2004   12    1.4246
2005   01    1.1034
2005   02    0.4517
2005   03    0.4858
2005   04    0.0329
2005   05    0.2564
2005   06    0.8296
2005   07    0.3801
2005   08    0.5948
2005   09    1.2467
2005   10    1.5454
2005   11    1.2051
2005   12   -0.5465
2006   01   -0.1787
2006   02   -0.0254
2006   03    0.1306
2006   04    0.1842
2006   05   -0.3323
2006   06   -0.0793
2006   07    0.3150
2006   08    0.4911
2006   09    0.7168
2006   10    1.3605
2006   11    0.1724
2006   12    0.7925
2007   01    1.1691
2007   02    1.1658
2007   03   -0.0305
2007   04    0.0019
2007   05    0.0757
2007   06    0.0471
2007   07    0.4265
2007   08   -0.0415
2007   09    0.0991
2007   10   -0.0579
2007   11    0.2664
2007   12   -0.6421
2008   01   -0.1639
2008   02   -0.4789
2008   03   -0.5546
2008   04   -0.1228
2008   05   -0.2504
2008   06   -0.2224
2008   07   -0.0177
2008   08    0.3628
2008   09    0.3079
2008   10    0.1070
2008   11    0.6114
2008   12   -0.3380
2009   01   -0.1819
2009   02   -0.4167
2009   03   -0.2451
2009   04    0.0521
2009   05    0.4750
2009   06    0.1887
2009   07    0.6486
2009   08    1.1427
2009   09    1.7307
2009   10    1.0389
2009   11    1.7455
2009   12    0.4140
2010   01    0.3886
2010   02    0.9978
2010   03    1.1495
2010   04    0.5387
2010   05    0.6378
2010   06    0.5978
2010   07    0.3590
2010   08    0.4592
2010   09    0.4409
2010   10    0.5212
2010   11   -0.4205
2010   12   -0.4453
2011   01   -0.1871
2011   02   -0.3647
2011   03   -0.3861
2011   04   -0.0667
2011   05    0.1411
2011   06    0.4399
2011   07    0.3461
2011   08    0.3910
2011   09   -0.1024
2011   10   -0.6195
2011   11   -0.6734
2011   12    0.5757
2012   01   -0.2252
2012   02   -0.6181
2012   03   -0.3618
2012   04   -0.1318
2012   05    0.3946
2012   06    0.4064
2012   07    0.2443
2012   08    0.0290
2012   09    0.6636
2012   10    0.9455
2012   11    0.9451
2012   12    0.4088
2013   01    0.7866
2013   02   -0.0600
2013   03    0.5047
2013   04    0.3056
2013   05    0.1051
2013   06    0.5070
2013   07   -0.0063
2013   08   -0.2987
2013   09   -0.2394
2013   10   -0.1906
2013   11   -0.2080
2013   12    0.2489
