year month anom
1979   01    0.2068
1979   02   -0.1687
1979   03    0.1814
1979   04    0.5152
1979   05    0.2443
1979   06    0.1389
1979   07    0.4220
1979   08    0.0447
1979   09   -0.6484
1979   10    0.6006
1979   11    0.6890
1979   12    0.7903
1980   01    0.1737
1980   02    0.0670
1980   03    0.1321
1980   04    0.4798
1980   05    0.2381
1980   06    0.2858
1980   07    0.2189
1980   08   -0.3336
1980   09   -0.1806
1980   10    0.2050
1980   11   -0.1068
1980   12   -0.0611
1981   01    0.0045
1981   02    0.2565
1981   03    0.2818
1981   04    0.2815
1981   05    0.7332
1981   06    0.0274
1981   07   -0.4601
1981   08    0.1342
1981   09   -0.1229
1981   10   -0.1638
1981   11   -0.0558
1981   12    0.3406
1982   01   -0.3348
1982   02   -0.0479
1982   03    0.0431
1982   04   -0.2058
1982   05   -0.4075
1982   06   -0.2449
1982   07   -0.3098
1982   08   -1.3318
1982   09   -1.5148
1982   10   -0.3276
1982   11   -0.1542
1982   12    0.0888
1983   01    0.9050
1983   02    0.8330
1983   03    0.6974
1983   04    0.7204
1983   05    0.9350
1983   06    0.2194
1983   07    0.2109
1983   08   -0.3964
1983   09   -0.6955
1983   10   -1.0638
1983   11   -0.2446
1983   12   -0.7003
1984   01   -0.4354
1984   02   -0.3317
1984   03   -0.1549
1984   04   -0.7444
1984   05   -0.6401
1984   06   -0.2697
1984   07   -0.3900
1984   08   -1.0482
1984   09   -1.6764
1984   10   -0.7666
1984   11   -0.6295
1984   12   -0.4390
1985   01   -0.7068
1985   02   -0.6690
1985   03   -0.2786
1985   04   -0.7630
1985   05   -0.5599
1985   06   -1.1639
1985   07   -0.7459
1985   08   -0.4344
1985   09   -0.9480
1985   10   -0.9711
1985   11   -0.5639
1985   12   -0.6798
1986   01   -0.4784
1986   02   -0.4851
1986   03   -0.5871
1986   04   -0.3734
1986   05   -0.0080
1986   06   -0.4588
1986   07   -1.2309
1986   08   -1.4578
1986   09   -0.9255
1986   10   -0.9767
1986   11   -0.2330
1986   12   -0.1290
1987   01   -0.1246
1987   02    0.1556
1987   03   -0.1101
1987   04    0.1131
1987   05    0.0245
1987   06   -0.3851
1987   07   -0.0493
1987   08   -1.1772
1987   09   -0.3885
1987   10    0.1430
1987   11    0.1192
1987   12    0.3625
1988   01    0.1124
1988   02    0.0140
1988   03   -0.0378
1988   04   -0.2230
1988   05   -0.2822
1988   06   -0.6992
1988   07   -0.2158
1988   08    0.6492
1988   09    0.7921
1988   10   -0.7182
1988   11   -0.5511
1988   12   -0.6160
1989   01   -0.3799
1989   02   -0.4769
1989   03   -0.6601
1989   04   -0.5165
1989   05   -0.7882
1989   06   -1.0378
1989   07   -1.4614
1989   08   -1.5225
1989   09   -1.0655
1989   10   -0.6111
1989   11   -0.2164
1989   12   -0.6482
1990   01   -0.1587
1990   02   -0.1180
1990   03    0.0769
1990   04    0.2705
1990   05   -0.2553
1990   06   -0.0824
1990   07   -1.4110
1990   08   -0.8128
1990   09   -1.3565
1990   10   -0.2676
1990   11    0.1823
1990   12   -0.0615
1991   01   -0.1883
1991   02    0.2449
1991   03   -0.1963
1991   04   -0.2412
1991   05   -0.1827
1991   06    0.2052
1991   07   -0.2819
1991   08    0.4248
1991   09   -0.3648
1991   10   -0.5559
1991   11   -0.0985
1991   12    0.0116
1992   01   -0.0942
1992   02   -0.2033
1992   03    0.0513
1992   04    0.1463
1992   05    0.4117
1992   06    0.2007
1992   07   -0.5583
1992   08   -0.5842
1992   09   -1.7404
1992   10   -0.6414
1992   11   -0.6044
1992   12   -0.5658
1993   01   -0.3219
1993   02   -0.7239
1993   03   -0.4324
1993   04   -0.2043
1993   05   -0.0565
1993   06    0.3352
1993   07   -0.3091
1993   08   -1.3543
1993   09   -1.0176
1993   10   -0.6511
1993   11   -0.0263
1993   12   -0.1145
1994   01   -0.3538
1994   02   -0.3727
1994   03   -0.4132
1994   04   -0.4822
1994   05   -0.2940
1994   06   -0.9569
1994   07   -0.9421
1994   08   -0.6126
1994   09    0.1112
1994   10   -0.3125
1994   11    0.0630
1994   12   -0.2001
1995   01    0.0006
1995   02   -0.0085
1995   03    0.2882
1995   04   -0.2115
1995   05   -0.4577
1995   06    0.2160
1995   07    0.3030
1995   08    1.1539
1995   09    0.9278
1995   10    0.3424
1995   11   -0.3668
1995   12   -0.0834
1996   01   -0.0811
1996   02    0.1091
1996   03   -0.0677
1996   04   -0.4251
1996   05   -0.2654
1996   06   -0.3155
1996   07    0.1225
1996   08   -0.9201
1996   09   -0.0690
1996   10   -0.4890
1996   11   -0.4908
1996   12    0.2064
1997   01   -0.2479
1997   02   -0.0849
1997   03   -0.4843
1997   04   -0.3174
1997   05   -0.1539
1997   06    0.4346
1997   07    0.9060
1997   08    0.3576
1997   09    0.4181
1997   10    1.4636
1997   11    1.2643
1997   12    0.9336
1998   01    0.8610
1998   02    1.4078
1998   03    0.8399
1998   04    1.4588
1998   05    0.7890
1998   06    0.5195
1998   07    0.5944
1998   08    0.2626
1998   09    0.3487
1998   10    0.3209
1998   11    0.1111
1998   12    0.2045
1999   01   -0.0850
1999   02    0.2436
1999   03    0.0365
1999   04   -0.1083
1999   05   -0.5579
1999   06   -0.1320
1999   07   -0.0678
1999   08    0.4316
1999   09   -0.3383
1999   10   -0.1293
1999   11   -0.3208
1999   12   -0.1876
2000   01   -0.1996
2000   02   -0.3257
2000   03   -0.2990
2000   04   -0.3561
2000   05    0.1797
2000   06    0.2310
2000   07   -0.6788
2000   08   -0.4221
2000   09   -1.4055
2000   10    0.0364
2000   11   -0.1010
2000   12   -0.0366
2001   01   -0.2354
2001   02    0.0852
2001   03    0.2684
2001   04    0.1946
2001   05    0.2613
2001   06   -0.7364
2001   07   -0.0519
2001   08    0.5818
2001   09   -0.1542
2001   10    0.2085
2001   11    0.5754
2001   12    0.3458
2002   01    0.2420
2002   02    0.3797
2002   03    0.4955
2002   04    0.2514
2002   05    0.4067
2002   06    0.2414
2002   07    0.5972
2002   08    0.6541
2002   09    0.1262
2002   10    0.6591
2002   11    0.4976
2002   12    0.4742
2003   01    0.5632
2003   02    0.0461
2003   03   -0.1484
2003   04    0.3011
2003   05    0.2736
2003   06    0.0711
2003   07    0.5571
2003   08    0.0458
2003   09    0.5165
2003   10    0.6127
2003   11    0.3069
2003   12    0.5151
2004   01    0.1578
2004   02   -0.4515
2004   03   -0.0378
2004   04    0.0560
2004   05   -0.1467
2004   06   -0.1819
2004   07   -0.4407
2004   08   -0.3304
2004   09    0.6353
2004   10    0.7253
2004   11    0.6452
2004   12    0.4742
2005   01    0.6449
2005   02    0.3405
2005   03    0.1074
2005   04    0.2219
2005   05    0.3628
2005   06    0.8156
2005   07    0.9332
2005   08    1.2825
2005   09    0.6131
2005   10    0.4937
2005   11    0.2031
2005   12   -0.4500
2006   01    0.2074
2006   02   -0.0689
2006   03   -0.1240
2006   04   -0.4836
2006   05   -0.8066
2006   06    0.2774
2006   07    0.8045
2006   08    0.6174
2006   09   -0.2258
2006   10   -0.2773
2006   11   -0.3122
2006   12   -0.1793
2007   01    0.4158
2007   02   -0.2667
2007   03   -0.1039
2007   04   -0.0533
2007   05    0.0507
2007   06    0.3631
2007   07    0.5138
2007   08    0.4546
2007   09    1.6141
2007   10    0.3876
2007   11   -0.0617
2007   12   -0.2283
2008   01   -0.2666
2008   02   -0.2920
2008   03   -0.6665
2008   04   -0.3653
2008   05   -0.4196
2008   06    0.0849
2008   07    0.8449
2008   08    1.2890
2008   09    0.8534
2008   10    0.4521
2008   11   -0.0440
2008   12   -0.3295
2009   01    0.1688
2009   02    0.0395
2009   03    0.0090
2009   04   -0.1988
2009   05   -0.2252
2009   06   -0.0438
2009   07    0.5620
2009   08    0.7870
2009   09    0.3040
2009   10    0.3657
2009   11    0.6042
2009   12    0.0607
2010   01    0.3201
2010   02    0.9636
2010   03    0.9563
2010   04    1.0780
2010   05    0.7943
2010   06    0.7747
2010   07    0.9719
2010   08    1.0368
2010   09    2.7258
2010   10    0.6363
2010   11    0.1051
2010   12    0.0851
2011   01   -0.1702
2011   02   -0.1730
2011   03   -0.1346
2011   04   -0.0925
2011   05    0.3232
2011   06    0.8535
2011   07    0.7878
2011   08    1.2572
2011   09    2.6725
2011   10   -0.0815
2011   11   -0.2983
2011   12    0.0776
2012   01   -0.2849
2012   02   -0.2737
2012   03   -0.0316
2012   04    0.1538
2012   05    0.0692
2012   06   -0.0201
2012   07    0.2565
2012   08    0.9366
2012   09    1.5376
2012   10    1.0036
2012   11    0.4743
2012   12    0.3435
2013   01    0.1633
2013   02    0.3556
2013   03    0.5034
2013   04    0.1232
2013   05    0.4099
2013   06    0.4332
2013   07   -0.0013
2013   08    0.3369
2013   09    0.6415
2013   10    0.3481
2013   11   -0.3608
2013   12    0.3952
